16 778
0 0 1
0 0 12
0 1 1
0 1 7
0 1 8
0 1 12
0 2 1
0 2 12
0 3 1
0 3 7
0 3 8
0 3 12
0 4 1
0 4 7
0 5 8
0 6 1
0 6 8
0 6 12
0 7 1
0 7 7
0 8 1
0 8 7
0 8 8
0 9 8
0 10 7
0 10 8
0 11 1
0 12 1
0 12 8
0 13 1
0 13 8
0 14 1
0 14 7
0 14 12
0 15 7
0 15 8
0 15 12
1 0 5
1 0 8
1 1 4
1 1 5
1 1 6
1 1 13
1 2 4
1 2 5
1 3 8
1 3 10
1 4 2
1 4 4
1 4 10
1 5 4
1 5 5
1 5 10
1 5 13
1 6 5
1 7 4
1 7 13
1 8 2
1 8 4
1 9 2
1 9 4
1 9 8
1 9 10
1 10 2
1 10 4
1 10 6
1 10 8
1 10 10
1 11 10
1 12 4
1 12 8
1 12 10
1 12 13
1 13 2
1 13 5
1 13 8
1 13 10
1 14 4
1 14 5
1 14 6
1 14 8
1 15 4
1 15 6
1 15 10
2 0 3
2 0 4
2 0 8
2 1 5
2 1 8
2 1 9
2 2 1
2 2 3
2 2 8
2 3 1
2 3 5
2 3 8
2 4 3
2 4 4
2 4 5
2 4 13
2 5 3
2 5 4
2 5 5
2 5 8
2 5 9
2 6 1
2 6 3
2 6 9
2 6 13
2 7 1
2 7 3
2 7 5
2 7 13
2 8 4
2 8 5
2 8 9
2 9 1
2 9 8
2 9 9
2 10 3
2 10 4
2 10 5
2 10 9
2 11 3
2 11 4
2 11 5
2 11 9
2 11 13
2 12 1
2 12 4
2 12 5
2 12 8
2 13 1
2 13 3
2 13 4
2 13 8
2 13 13
2 14 3
2 14 4
2 14 5
2 14 8
2 14 9
2 15 3
2 15 4
2 15 5
2 15 13
3 0 1
3 0 4
3 0 8
3 1 1
3 1 4
3 1 8
3 1 12
3 2 1
3 2 4
3 2 8
3 2 10
3 2 12
3 3 12
3 4 1
3 4 12
3 5 1
3 5 8
3 5 10
3 6 1
3 6 4
3 6 10
3 6 12
3 7 1
3 7 8
3 7 10
3 8 4
3 8 8
3 9 1
3 9 4
3 9 10
3 9 12
3 10 1
3 10 4
3 10 8
3 10 10
3 10 12
3 11 4
3 11 8
3 11 10
3 12 4
3 13 4
3 13 8
3 13 10
3 13 12
3 14 4
3 14 12
3 15 8
3 15 12
4 0 4
4 0 7
4 1 1
4 1 4
4 1 7
4 3 4
4 3 7
4 3 8
4 3 12
4 4 2
4 4 4
4 4 8
4 5 1
4 5 4
4 5 7
4 5 8
4 6 4
4 7 4
4 7 7
4 7 8
4 7 12
4 8 1
4 8 4
4 8 8
4 9 8
4 10 1
4 10 8
4 11 1
4 11 4
4 11 7
4 11 12
4 12 4
4 12 7
4 12 12
4 13 1
4 13 2
4 13 7
4 13 12
4 14 1
4 14 2
4 14 12
4 15 4
5 0 0
5 0 1
5 0 2
5 0 9
5 1 1
5 1 9
5 2 1
5 3 0
5 3 2
5 4 9
5 5 2
5 6 0
5 6 1
5 6 9
5 7 9
5 8 0
5 8 2
5 8 9
5 9 1
5 9 9
5 10 0
5 10 2
5 10 9
5 11 0
5 11 1
5 11 2
5 11 9
5 12 1
5 12 2
5 13 0
5 14 1
5 14 9
5 15 2
5 15 9
6 0 1
6 0 7
6 0 9
6 0 11
6 0 12
6 0 13
6 1 7
6 1 9
6 1 11
6 1 12
6 1 13
6 1 15
6 2 1
6 2 4
6 2 9
6 2 15
6 3 7
6 3 9
6 3 12
6 4 1
6 4 4
6 4 7
6 4 9
6 4 11
6 4 13
6 4 15
6 5 4
6 5 7
6 5 11
6 5 12
6 6 1
6 6 7
6 6 9
6 6 10
6 6 11
6 6 12
6 6 13
6 6 15
6 7 9
6 7 12
6 7 13
6 8 4
6 8 9
6 8 10
6 8 13
6 8 15
6 9 4
6 9 9
6 9 11
6 9 12
6 9 13
6 10 1
6 10 9
6 10 10
6 10 11
6 10 13
6 10 15
6 11 10
6 11 11
6 11 12
6 11 15
6 12 4
6 12 9
6 12 12
6 12 15
6 13 1
6 13 4
6 13 11
6 13 15
6 14 1
6 14 9
6 14 10
6 14 12
6 14 13
6 14 15
6 15 7
6 15 11
6 15 13
7 0 8
7 0 11
7 0 14
7 0 15
7 1 4
7 1 6
7 1 13
7 2 0
7 2 1
7 2 5
7 2 8
7 2 11
7 2 13
7 2 15
7 3 5
7 3 6
7 3 8
7 3 14
7 4 0
7 4 3
7 4 5
7 4 11
7 5 0
7 5 1
7 5 3
7 5 5
7 5 8
7 5 15
7 6 1
7 6 4
7 6 13
7 6 14
7 6 15
7 7 0
7 7 1
7 7 3
7 7 4
7 7 8
7 7 11
7 8 0
7 8 1
7 8 3
7 8 4
7 8 5
7 8 11
7 8 14
7 9 3
7 9 5
7 9 8
7 9 13
7 9 14
7 9 15
7 10 0
7 10 1
7 10 3
7 10 4
7 10 6
7 10 15
7 11 0
7 11 1
7 11 3
7 11 4
7 11 5
7 11 11
7 12 0
7 12 3
7 12 5
7 12 15
7 13 0
7 13 3
7 13 5
7 13 11
7 13 13
7 13 14
7 14 1
7 14 4
7 14 5
7 14 6
7 14 8
7 14 13
7 14 14
7 15 0
7 15 6
7 15 8
8 0 1
8 0 4
8 0 7
8 0 9
8 0 10
8 0 13
8 1 1
8 1 4
8 1 9
8 1 14
8 2 0
8 2 10
8 2 13
8 2 14
8 2 15
8 3 13
8 3 15
8 4 1
8 4 4
8 4 14
8 5 0
8 5 10
8 5 13
8 5 14
8 6 0
8 6 1
8 6 9
8 6 14
8 7 4
8 7 7
8 7 9
8 7 13
8 8 1
8 8 4
8 8 10
8 8 13
8 8 15
8 9 1
8 9 7
8 9 9
8 9 13
8 9 15
8 10 1
8 10 4
8 10 9
8 10 15
8 11 0
8 11 4
8 11 7
8 11 9
8 11 10
8 11 14
8 12 0
8 12 1
8 12 4
8 12 7
8 12 10
8 12 13
8 12 15
8 13 0
8 13 1
8 13 13
8 14 0
8 14 1
8 14 4
8 14 7
8 14 14
8 15 0
8 15 4
8 15 7
8 15 9
8 15 13
9 0 8
9 1 1
9 1 12
9 2 1
9 2 2
9 2 12
9 3 8
9 4 2
9 4 8
9 4 12
9 5 8
9 6 1
9 6 8
9 6 12
9 7 1
9 7 8
9 8 2
9 8 12
9 9 1
9 9 2
9 10 1
9 10 2
9 10 8
9 11 1
9 11 2
9 11 12
9 12 1
9 12 2
9 13 1
9 13 2
9 14 2
9 15 1
9 15 8
9 15 12
10 0 1
10 2 1
10 2 2
10 2 12
10 3 1
10 3 2
10 3 12
10 4 2
10 5 2
10 5 12
10 6 2
10 7 2
10 7 12
10 8 2
10 8 12
10 10 1
10 10 12
10 11 1
10 11 2
10 11 12
10 12 1
10 12 2
10 12 12
10 13 2
10 13 12
10 15 1
10 15 12
11 0 4
11 0 12
11 1 2
11 1 7
11 1 12
11 2 2
11 2 4
11 3 2
11 3 4
11 3 7
11 3 12
11 4 2
11 4 7
11 5 4
11 5 7
11 5 12
11 6 2
11 6 7
11 8 2
11 9 12
11 10 2
11 10 4
11 10 7
11 10 12
11 11 7
11 12 2
11 12 12
11 13 2
11 13 4
11 13 12
11 14 2
11 14 4
11 14 7
11 15 12
12 0 0
12 0 6
12 1 0
12 1 6
12 1 7
12 1 9
12 1 10
12 1 14
12 2 6
12 2 7
12 2 10
12 3 8
12 3 9
12 3 11
12 3 14
12 4 6
12 4 8
12 4 11
12 5 0
12 5 6
12 5 7
12 5 8
12 5 11
12 6 0
12 6 7
12 6 8
12 6 9
12 6 10
12 6 14
12 7 6
12 7 8
12 7 9
12 8 8
12 8 11
12 8 14
12 9 6
12 9 8
12 9 9
12 9 10
12 9 11
12 10 6
12 10 10
12 11 0
12 11 7
12 11 8
12 11 9
12 11 11
12 12 8
12 12 11
12 12 14
12 13 7
12 13 8
12 14 6
12 14 10
12 14 14
12 15 6
12 15 7
12 15 8
12 15 14
13 0 10
13 0 12
13 1 10
13 1 12
13 2 12
13 3 12
13 4 12
13 5 12
13 6 10
13 8 10
13 10 12
13 11 12
13 12 10
13 12 12
13 13 12
13 14 10
13 14 12
14 0 1
14 0 6
14 0 9
14 0 10
14 0 14
14 1 5
14 1 6
14 1 7
14 1 12
14 1 14
14 2 5
14 2 6
14 2 11
14 2 12
14 2 14
14 3 11
14 3 14
14 4 1
14 4 7
14 4 12
14 5 5
14 5 7
14 5 11
14 5 14
14 6 6
14 6 10
14 6 14
14 7 6
14 7 10
14 7 14
14 8 5
14 8 9
14 8 11
14 8 12
14 9 1
14 9 9
14 9 10
14 9 11
14 10 1
14 10 7
14 10 10
14 10 14
14 11 1
14 11 5
14 11 6
14 11 7
14 11 10
14 11 11
14 11 12
14 11 14
14 12 5
14 12 7
14 12 9
14 12 11
14 12 12
14 12 14
14 13 5
14 13 10
14 13 11
14 13 12
14 13 14
14 14 6
14 14 10
14 15 7
14 15 11
14 15 12
14 15 14
15 0 4
15 0 10
15 1 4
15 1 7
15 2 2
15 2 7
15 2 12
15 3 2
15 3 4
15 3 10
15 4 4
15 4 10
15 5 4
15 5 7
15 6 2
15 6 10
15 6 12
15 7 2
15 7 4
15 8 2
15 8 10
15 9 2
15 9 10
15 10 4
15 10 7
15 10 10
15 11 4
15 11 12
15 12 10
15 12 12
15 13 2
15 13 7
15 14 2
15 14 12
15 15 2
15 15 12
