13 420
0 1 4
0 1 7
0 2 4
0 2 5
0 3 5
0 3 7
0 4 4
0 4 7
0 5 4
0 5 5
0 5 7
0 6 5
0 7 7
0 8 4
0 8 7
0 9 4
0 9 7
0 10 4
0 12 4
0 12 7
1 0 0
1 0 3
1 1 0
1 1 7
1 1 8
1 1 9
1 1 10
1 2 3
1 2 4
1 2 7
1 2 10
1 3 4
1 3 7
1 3 8
1 3 9
1 3 10
1 4 4
1 4 8
1 4 10
1 4 12
1 5 0
1 5 4
1 5 7
1 5 9
1 5 12
1 6 3
1 6 6
1 6 8
1 6 9
1 6 10
1 7 6
1 7 7
1 7 8
1 7 9
1 7 12
1 8 3
1 8 4
1 8 7
1 8 8
1 8 9
1 9 6
1 9 9
1 9 10
1 9 12
1 10 0
1 10 4
1 10 12
1 11 4
1 11 7
1 11 9
1 12 0
1 12 3
1 12 7
1 12 8
1 12 12
2 0 2
2 0 6
2 0 8
2 0 9
2 0 12
2 1 9
2 1 11
2 1 12
2 2 6
2 2 9
2 2 11
2 3 2
2 3 8
2 3 9
2 3 12
2 4 4
2 4 6
2 4 8
2 4 11
2 5 6
2 5 8
2 6 4
2 6 6
2 6 8
2 6 12
2 7 8
2 7 12
2 8 2
2 8 4
2 8 6
2 8 9
2 8 11
2 9 4
2 9 9
2 9 11
2 9 12
2 10 2
2 10 4
2 11 4
2 11 11
2 11 12
2 12 4
2 12 6
2 12 8
2 12 9
2 12 12
3 0 3
3 0 5
3 0 12
3 1 5
3 1 12
3 2 3
3 2 5
3 2 11
3 2 12
3 3 11
3 3 12
3 4 3
3 4 11
3 5 11
3 6 5
3 6 11
3 7 3
3 7 5
3 7 11
3 8 3
3 8 5
3 9 3
3 9 5
3 9 12
3 11 3
3 11 5
3 11 12
3 12 12
4 0 5
4 1 5
4 4 5
4 5 5
4 6 3
4 6 5
4 7 3
4 8 3
4 11 3
4 12 5
5 0 8
5 1 8
5 2 6
5 3 6
5 4 7
5 4 8
5 5 6
5 5 7
5 7 6
5 8 6
5 9 6
5 10 7
5 10 8
5 11 7
5 12 6
5 12 8
6 0 9
6 0 10
6 0 11
6 1 0
6 1 1
6 1 5
6 1 9
6 1 10
6 1 11
6 2 0
6 2 11
6 2 12
6 3 0
6 3 10
6 3 11
6 3 12
6 4 10
6 4 11
6 5 1
6 5 5
6 5 9
6 5 11
6 5 12
6 6 0
6 6 9
6 6 10
6 7 5
6 8 1
6 8 5
6 8 10
6 8 11
6 8 12
6 9 1
6 9 5
6 9 10
6 9 12
6 10 0
6 10 1
6 10 10
6 11 9
6 11 10
6 11 11
6 11 12
6 12 0
6 12 5
6 12 9
6 12 10
6 12 11
6 12 12
7 0 2
7 0 7
7 0 12
7 1 0
7 1 3
7 1 10
7 1 12
7 2 0
7 2 2
7 2 8
7 2 12
7 3 0
7 3 2
7 3 8
7 3 10
7 4 0
7 4 10
7 4 11
7 5 0
7 5 1
7 5 2
7 5 3
7 5 8
7 6 1
7 6 10
7 6 12
7 7 1
7 7 8
7 7 12
7 8 0
7 8 1
7 8 2
7 8 7
7 8 8
7 9 0
7 9 2
7 9 8
7 9 11
7 10 2
7 10 3
7 10 11
7 11 0
7 11 1
7 11 2
7 11 3
7 11 12
7 12 0
7 12 2
7 12 3
7 12 7
7 12 8
7 12 11
8 0 5
8 1 1
8 1 3
8 2 3
8 2 5
8 4 3
8 4 5
8 5 1
8 5 3
8 5 5
8 6 1
8 6 3
8 7 1
8 8 1
8 8 5
8 9 5
8 10 1
8 11 1
8 11 3
9 0 1
9 0 3
9 0 6
9 0 10
9 1 0
9 1 1
9 1 3
9 1 6
9 2 0
9 2 3
9 2 12
9 3 0
9 3 11
9 3 12
9 4 3
9 4 6
9 4 10
9 4 12
9 5 0
9 5 1
9 5 6
9 6 0
9 6 3
9 6 6
9 6 10
9 7 1
9 7 3
9 7 6
9 7 10
9 7 12
9 8 0
9 8 1
9 8 6
9 8 11
9 9 0
9 9 3
9 9 10
9 9 11
9 9 12
9 10 0
9 10 1
9 10 6
9 10 11
9 11 0
9 11 1
9 11 3
9 11 10
9 11 11
9 11 12
9 12 0
9 12 3
9 12 6
10 0 1
10 0 11
10 0 12
10 1 1
10 1 5
10 1 12
10 2 1
10 2 12
10 3 5
10 3 11
10 3 12
10 5 1
10 5 12
10 6 5
10 6 12
10 7 1
10 7 5
10 7 12
10 8 5
10 9 5
10 9 12
10 10 5
10 10 11
10 10 12
10 11 11
10 12 1
10 12 5
10 12 12
11 0 3
11 0 5
11 0 11
11 1 3
11 1 5
11 2 3
11 2 11
11 3 5
11 3 11
11 4 3
11 4 5
11 4 11
11 6 3
11 6 5
11 8 3
11 8 11
11 10 11
11 12 3
11 12 5
12 0 11
12 1 1
12 1 3
12 2 1
12 2 3
12 2 5
12 3 1
12 3 3
12 3 5
12 3 11
12 5 1
12 5 3
12 5 5
12 6 5
12 6 11
12 7 1
12 7 5
12 8 1
12 8 3
12 9 3
12 10 1
12 10 5
12 11 5
12 11 11
12 12 5
12 12 11
