15 545
0 0 13
0 1 6
0 2 6
0 3 6
0 4 6
0 5 6
0 5 13
0 7 13
0 8 6
0 8 13
0 10 13
0 11 6
0 11 13
0 12 6
0 12 13
0 13 6
0 14 6
0 14 13
1 0 1
1 0 4
1 0 10
1 1 3
1 1 4
1 1 10
1 1 13
1 2 1
1 2 4
1 2 5
1 3 1
1 3 3
1 3 5
1 3 10
1 3 12
1 3 13
1 4 1
1 4 4
1 4 12
1 5 1
1 5 10
1 5 12
1 5 13
1 6 3
1 6 4
1 6 10
1 6 13
1 7 1
1 7 3
1 7 4
1 7 5
1 7 12
1 7 13
1 8 1
1 8 3
1 8 13
1 9 1
1 9 4
1 9 5
1 9 12
1 10 1
1 10 3
1 10 4
1 10 5
1 10 10
1 10 12
1 11 1
1 11 10
1 11 13
1 12 1
1 12 3
1 12 5
1 12 10
1 12 12
1 12 13
1 13 12
1 14 3
1 14 13
2 4 13
2 5 13
2 6 13
2 7 13
2 14 13
3 0 12
3 0 14
3 1 11
3 2 14
3 3 11
3 3 14
3 4 11
3 4 14
3 5 13
3 6 12
3 6 14
3 7 11
3 7 12
3 7 13
3 8 11
3 8 12
3 8 13
3 8 14
3 9 12
3 10 11
3 10 12
3 10 14
3 11 12
3 11 13
3 12 11
3 12 14
3 13 11
3 13 12
3 14 11
3 14 14
4 0 0
4 0 6
4 1 0
4 1 7
4 1 8
4 1 14
4 2 6
4 3 6
4 3 8
4 3 11
4 4 0
4 4 6
4 4 7
4 4 14
4 5 0
4 6 6
4 6 7
4 6 11
4 7 0
4 7 8
4 7 11
4 7 14
4 8 0
4 8 7
4 8 11
4 8 14
4 9 0
4 9 7
4 10 7
4 10 8
4 10 11
4 11 7
4 11 11
4 12 0
4 12 7
4 12 8
4 12 11
4 12 14
4 13 6
4 14 6
4 14 11
4 14 14
5 0 2
5 0 8
5 0 12
5 0 13
5 1 8
5 2 3
5 2 6
5 2 8
5 2 12
5 2 13
5 3 2
5 3 3
5 3 6
5 4 1
5 4 6
5 4 11
5 4 12
5 5 3
5 5 6
5 6 1
5 6 2
5 6 3
5 6 6
5 6 11
5 7 1
5 7 2
5 7 3
5 7 6
5 7 11
5 7 12
5 8 3
5 8 6
5 8 11
5 8 13
5 9 3
5 9 6
5 9 11
5 10 3
5 10 6
5 10 11
5 10 13
5 11 1
5 11 2
5 11 6
5 11 11
5 11 13
5 12 3
5 12 6
5 12 11
5 12 13
5 13 2
5 13 3
5 13 8
5 13 11
5 13 12
5 14 1
5 14 2
5 14 3
5 14 6
5 14 11
5 14 12
5 14 13
6 0 12
6 0 13
6 1 4
6 1 6
6 1 12
6 1 13
6 2 4
6 2 6
6 3 6
6 3 13
6 4 12
6 4 13
6 5 4
6 5 13
6 6 6
6 7 4
6 8 12
6 9 6
6 10 13
6 11 12
6 11 13
6 12 4
6 12 6
6 13 6
6 13 12
6 14 4
6 14 6
7 0 13
7 1 5
7 1 8
7 2 4
7 2 8
7 2 13
7 3 1
7 3 8
7 3 13
7 4 4
7 4 5
7 4 13
7 5 1
7 5 4
7 5 5
7 5 8
7 5 13
7 6 1
7 6 5
7 7 1
7 7 4
7 7 5
7 7 8
7 7 13
7 8 1
7 8 5
7 8 8
7 8 13
7 9 4
7 10 1
7 10 4
7 10 5
7 10 13
7 11 1
7 11 4
7 11 8
7 12 1
7 12 5
7 12 8
7 13 4
7 13 5
7 13 8
7 13 13
7 14 4
7 14 8
8 2 13
8 5 13
8 6 13
8 9 13
8 10 13
8 11 13
8 13 13
8 14 13
9 0 7
9 0 8
9 0 12
9 1 7
9 1 8
9 1 9
9 1 13
9 2 2
9 2 7
9 2 8
9 2 9
9 2 12
9 3 2
9 3 7
9 4 2
9 4 9
9 4 12
9 4 13
9 5 8
9 5 9
9 6 9
9 6 12
9 6 13
9 7 2
9 7 7
9 7 8
9 7 9
9 7 13
9 8 2
9 8 7
9 8 8
9 8 13
9 9 2
9 9 12
9 9 13
9 10 2
9 10 8
9 10 9
9 10 13
9 11 7
9 11 12
9 11 13
9 12 2
9 12 8
9 12 9
9 13 2
9 13 7
9 13 8
9 13 9
9 13 13
9 14 2
9 14 8
9 14 9
9 14 12
10 0 0
10 0 4
10 0 7
10 0 9
10 0 11
10 1 9
10 1 11
10 1 12
10 2 0
10 2 1
10 2 4
10 2 5
10 2 9
10 2 11
10 2 12
10 3 0
10 3 4
10 3 7
10 3 9
10 3 11
10 3 12
10 3 14
10 4 1
10 4 4
10 4 5
10 4 7
10 4 9
10 4 10
10 4 12
10 5 0
10 5 1
10 5 4
10 5 5
10 5 9
10 5 12
10 6 0
10 6 5
10 6 7
10 6 10
10 6 11
10 6 12
10 7 1
10 7 7
10 7 9
10 7 14
10 8 7
10 8 9
10 8 10
10 8 11
10 8 12
10 8 14
10 9 4
10 9 7
10 9 9
10 9 10
10 9 12
10 10 4
10 10 5
10 10 10
10 10 11
10 11 0
10 11 1
10 11 7
10 11 11
10 12 5
10 12 7
10 12 9
10 12 14
10 13 1
10 13 7
10 13 9
10 13 11
10 14 0
10 14 5
11 0 6
11 0 8
11 1 0
11 1 6
11 1 13
11 1 14
11 2 10
11 2 11
11 2 12
11 3 0
11 3 6
11 3 13
11 4 0
11 4 6
11 4 8
11 4 10
11 5 6
11 5 11
11 6 8
11 6 13
11 7 6
11 7 8
11 7 10
11 7 11
11 7 12
11 7 14
11 8 11
11 8 12
11 8 13
11 9 8
11 9 10
11 9 11
11 9 12
11 9 13
11 10 0
11 10 10
11 10 11
11 10 13
11 11 6
11 11 10
11 11 11
11 11 12
11 11 13
11 12 8
11 12 10
11 12 12
11 12 14
11 13 0
11 13 11
11 14 0
11 14 8
11 14 11
11 14 12
11 14 13
11 14 14
12 0 11
12 0 12
12 1 11
12 1 12
12 1 13
12 2 13
12 3 11
12 3 13
12 4 12
12 4 13
12 5 4
12 5 11
12 5 12
12 6 13
12 7 11
12 7 12
12 8 4
12 8 11
12 8 12
12 8 13
12 9 11
12 9 13
12 10 4
12 10 11
12 10 12
12 10 13
12 11 11
12 11 12
12 11 13
12 12 12
12 12 13
12 13 12
12 14 4
12 14 11
13 1 0
13 1 11
13 2 0
13 2 11
13 3 0
13 3 11
13 4 0
13 4 11
13 5 0
13 5 11
13 6 0
13 8 0
13 8 11
13 9 0
13 9 11
13 10 0
13 10 11
13 12 0
13 12 11
14 0 13
14 1 13
14 1 14
14 2 14
14 4 13
14 4 14
14 5 13
14 6 14
14 8 13
14 8 14
14 9 13
14 11 13
14 11 14
14 13 13
