12 294
0 0 0
0 0 1
0 0 7
0 1 6
0 2 0
0 2 7
0 3 6
0 3 7
0 4 0
0 5 0
0 6 0
0 6 7
0 7 6
0 8 0
0 8 1
0 9 0
0 9 6
0 10 0
0 10 6
0 11 7
1 0 1
1 2 7
1 3 1
1 3 7
1 4 1
1 5 1
1 5 7
1 6 7
1 7 1
1 9 1
1 9 7
1 11 1
1 11 7
2 0 5
2 0 6
2 0 10
2 3 5
2 3 6
2 6 5
2 7 6
2 8 10
2 9 10
2 10 5
2 10 10
2 11 5
2 11 6
3 0 0
3 0 1
3 0 2
3 0 6
3 1 5
3 1 6
3 1 9
3 1 10
3 2 1
3 2 6
3 2 9
3 3 0
3 3 6
3 3 9
3 3 10
3 4 0
3 4 1
3 4 10
3 5 0
3 5 1
3 5 2
3 5 5
3 5 9
3 5 10
3 6 0
3 6 2
3 6 6
3 6 9
3 6 10
3 7 2
3 7 5
3 7 6
3 7 9
3 7 10
3 8 6
3 8 9
3 9 1
3 9 5
3 9 10
3 10 0
3 10 5
3 10 6
3 10 10
3 11 0
3 11 9
4 1 3
4 1 8
4 1 9
4 2 3
4 2 9
4 2 11
4 3 8
4 3 9
4 4 3
4 4 6
4 4 11
4 5 4
4 5 6
4 6 6
4 6 8
4 6 9
4 7 4
4 7 6
4 7 11
4 8 4
4 9 8
4 9 11
4 10 3
4 10 6
4 10 9
4 11 8
5 0 0
5 0 1
5 0 2
5 1 0
5 1 1
5 1 7
5 2 1
5 2 2
5 3 0
5 3 1
5 3 2
5 3 3
5 3 5
5 3 7
5 4 0
5 4 2
5 4 3
5 5 5
5 5 7
5 6 1
5 6 3
5 6 5
5 6 7
5 7 0
5 7 2
5 7 7
5 8 2
5 8 3
5 8 7
5 9 0
5 9 1
5 9 3
5 9 7
5 10 1
5 10 5
5 11 0
5 11 3
5 11 5
6 2 6
6 2 7
6 3 6
6 4 1
6 4 7
6 5 7
6 6 1
6 6 6
6 6 7
6 7 1
6 8 1
6 8 7
6 9 1
6 10 1
6 11 1
7 0 6
7 1 6
7 1 7
7 2 6
7 3 1
7 3 6
7 3 7
7 4 6
7 5 1
7 6 1
7 6 7
7 7 7
7 8 6
7 10 1
7 10 6
7 10 7
7 11 1
7 11 6
8 0 6
8 0 7
8 1 3
8 1 7
8 2 7
8 3 1
8 4 1
8 4 6
8 5 3
8 5 6
8 5 7
8 6 1
8 6 3
8 7 1
8 8 1
8 9 1
8 9 3
8 10 1
8 10 6
8 11 1
8 11 3
8 11 6
8 11 7
9 0 6
9 0 11
9 1 0
9 1 3
9 1 11
9 2 11
9 3 0
9 3 3
9 3 6
9 3 8
9 3 11
9 4 0
9 4 3
9 4 6
9 5 0
9 5 3
9 5 8
9 5 11
9 6 0
9 6 8
9 7 8
9 8 0
9 8 3
9 8 6
9 8 11
9 9 3
9 10 3
9 11 6
9 11 11
10 0 0
10 1 6
10 1 7
10 2 6
10 4 0
10 4 7
10 5 6
10 5 7
10 6 0
10 6 6
10 6 7
10 7 0
10 7 6
10 7 7
10 8 6
10 9 7
10 10 0
10 10 6
10 11 0
10 11 6
10 11 7
11 0 3
11 0 4
11 0 9
11 0 11
11 1 9
11 2 3
11 2 10
11 2 11
11 3 4
11 3 11
11 4 4
11 5 3
11 5 4
11 5 11
11 6 10
11 6 11
11 7 3
11 7 4
11 7 9
11 7 11
11 8 4
11 8 9
11 8 11
11 9 3
11 9 9
11 10 3
11 10 9
11 10 11
11 11 3
11 11 4
11 11 9
11 11 10
11 11 11
