9 112
0 0 8
0 1 8
0 2 8
0 4 3
0 5 3
0 5 8
0 6 3
0 7 8
0 8 3
0 8 8
1 0 2
1 1 7
1 2 7
1 4 2
1 4 7
1 5 7
1 6 2
1 8 2
2 0 1
2 0 5
2 1 1
2 1 2
2 1 7
2 2 5
2 3 2
2 3 5
2 3 7
2 4 2
2 5 1
2 5 2
2 6 2
2 7 1
2 7 7
2 8 1
2 8 7
3 0 8
3 1 1
3 2 2
3 2 8
3 3 7
3 3 8
3 4 2
3 4 7
3 5 2
3 5 7
3 6 1
3 6 7
3 6 8
3 7 1
3 7 2
3 8 7
3 8 8
4 0 1
4 0 7
4 2 7
4 4 7
4 5 1
4 5 7
4 6 1
4 6 7
4 7 1
4 7 7
4 8 7
5 5 2
5 5 6
5 6 6
5 7 2
5 7 6
5 8 2
6 0 2
6 1 2
6 1 7
6 4 7
6 5 7
6 6 7
6 7 2
6 8 2
6 8 7
7 0 0
7 0 6
7 0 7
7 1 1
7 1 6
7 1 7
7 2 0
7 2 4
7 2 6
7 3 1
7 3 6
7 4 0
7 5 7
7 6 0
7 6 1
7 7 0
7 7 1
7 7 4
7 7 6
7 8 0
7 8 6
8 0 6
8 0 7
8 1 2
8 2 2
8 2 7
8 3 2
8 4 6
8 6 6
8 7 2
8 7 7
8 8 2
8 8 6
8 8 7
