13 397
0 0 12
0 1 1
0 1 5
0 1 12
0 2 5
0 2 12
0 3 1
0 4 1
0 4 12
0 5 5
0 5 12
0 6 1
0 6 12
0 7 1
0 7 5
0 7 12
0 8 5
0 10 1
0 10 12
0 11 1
0 11 5
0 12 1
0 12 12
1 0 0
1 0 11
1 1 0
1 1 5
1 1 11
1 2 0
1 2 5
1 2 6
1 2 11
1 3 11
1 4 0
1 4 5
1 4 11
1 5 5
1 5 6
1 6 5
1 6 11
1 7 0
1 7 6
1 9 0
1 9 5
1 9 11
1 10 0
1 10 6
1 10 11
1 11 5
1 12 0
1 12 5
1 12 11
2 0 1
2 0 2
2 0 6
2 0 7
2 0 10
2 1 6
2 1 11
2 2 2
2 2 10
2 2 12
2 3 2
2 3 3
2 3 7
2 3 10
2 3 11
2 4 1
2 4 3
2 4 7
2 5 1
2 5 2
2 5 7
2 5 10
2 5 11
2 6 6
2 7 1
2 8 2
2 8 3
2 8 7
2 8 11
2 9 7
2 9 11
2 9 12
2 10 2
2 10 6
2 10 7
2 10 12
2 11 1
2 11 2
2 11 3
2 11 7
2 11 10
2 11 11
2 12 1
2 12 2
2 12 3
2 12 7
2 12 10
2 12 12
3 0 2
3 0 4
3 0 5
3 0 8
3 0 10
3 1 0
3 1 2
3 1 5
3 1 6
3 1 8
3 2 6
3 2 7
3 2 10
3 2 12
3 3 2
3 3 5
3 3 6
3 3 7
3 3 10
3 3 12
3 4 8
3 5 4
3 5 5
3 5 6
3 5 8
3 5 10
3 5 12
3 6 0
3 6 2
3 6 8
3 6 12
3 7 2
3 7 4
3 7 5
3 7 6
3 7 7
3 8 0
3 8 4
3 8 7
3 8 8
3 8 12
3 9 0
3 9 2
3 9 6
3 9 12
3 10 0
3 10 2
3 10 5
3 10 7
3 10 12
3 11 0
3 11 2
3 11 4
3 11 5
3 11 6
3 11 7
3 12 4
3 12 5
3 12 6
3 12 8
4 1 12
4 2 12
4 5 12
4 8 12
4 9 12
4 10 12
4 11 12
4 12 12
5 0 4
5 1 10
5 1 12
5 3 12
5 4 4
5 5 4
5 5 10
5 6 4
5 7 4
5 8 4
5 9 4
5 10 10
5 12 4
5 12 12
6 0 5
6 0 6
6 0 12
6 1 3
6 1 5
6 1 12
6 2 3
6 3 5
6 4 5
6 4 12
6 5 3
6 5 5
6 5 6
6 6 3
6 6 6
6 8 3
6 8 5
6 8 6
6 8 12
6 9 3
6 9 6
6 9 12
6 10 3
6 10 5
6 10 12
6 12 5
7 0 1
7 0 2
7 0 7
7 1 2
7 1 4
7 1 8
7 2 1
7 2 7
7 4 1
7 4 7
7 5 8
7 5 11
7 6 1
7 6 7
7 7 1
7 7 4
7 7 11
7 8 8
7 9 1
7 10 1
7 10 2
7 10 4
7 10 7
7 10 8
7 11 1
7 11 2
7 11 8
7 11 11
7 12 4
8 0 2
8 1 0
8 1 4
8 1 11
8 2 0
8 3 0
8 3 2
8 4 0
8 5 0
8 5 2
8 5 4
8 5 11
8 6 0
8 6 2
8 7 0
8 7 11
8 8 2
8 8 11
8 10 11
8 11 2
8 11 11
8 12 11
9 0 6
9 1 12
9 2 5
9 2 12
9 3 1
9 3 5
9 3 6
9 3 12
9 4 1
9 5 1
9 5 12
9 6 6
9 7 1
9 7 5
9 7 6
9 7 12
9 8 1
9 8 6
9 9 6
9 10 1
9 10 6
9 11 5
9 11 6
9 12 1
9 12 5
9 12 12
10 0 0
10 0 1
10 0 2
10 0 5
10 0 7
10 0 11
10 1 0
10 1 3
10 1 5
10 1 7
10 1 12
10 2 0
10 2 1
10 2 2
10 2 5
10 2 12
10 3 5
10 3 7
10 4 1
10 4 3
10 4 4
10 4 12
10 5 1
10 5 2
10 5 4
10 5 7
10 5 8
10 6 1
10 6 3
10 6 4
10 6 5
10 6 8
10 6 11
10 6 12
10 7 0
10 7 3
10 7 4
10 7 12
10 8 0
10 8 4
10 8 5
10 8 7
10 8 8
10 8 11
10 8 12
10 9 3
10 9 4
10 9 5
10 9 8
10 10 2
10 10 4
10 10 5
10 10 8
10 11 0
10 11 2
10 11 4
10 11 11
10 11 12
10 12 2
10 12 4
10 12 5
10 12 7
10 12 12
11 0 3
11 0 12
11 1 3
11 1 6
11 2 6
11 3 3
11 3 12
11 4 1
11 4 3
11 5 1
11 5 6
11 5 12
11 6 1
11 6 3
11 6 6
11 7 1
11 7 3
11 7 6
11 8 1
11 8 3
11 8 12
11 9 1
11 9 6
11 9 12
11 10 1
11 11 1
11 11 3
11 11 6
11 11 12
11 12 1
11 12 12
12 0 1
12 0 12
12 3 1
12 3 5
12 4 1
12 4 12
12 5 5
12 5 12
12 7 1
12 7 5
12 7 12
12 8 1
12 8 12
12 10 1
12 11 6
12 12 1
12 12 5
12 12 6
