15 645
0 0 4
0 0 8
0 0 11
0 0 12
0 1 1
0 1 2
0 1 11
0 2 1
0 2 6
0 2 8
0 2 11
0 3 4
0 3 6
0 3 8
0 3 11
0 3 12
0 4 1
0 4 8
0 4 12
0 5 2
0 5 6
0 6 2
0 7 1
0 7 2
0 7 4
0 7 8
0 7 12
0 8 1
0 9 8
0 9 11
0 10 1
0 10 2
0 10 4
0 10 8
0 10 12
0 11 4
0 11 8
0 11 11
0 12 1
0 12 2
0 12 6
0 13 1
0 13 2
0 13 4
0 13 12
0 14 6
0 14 8
0 14 11
1 0 5
1 2 5
1 2 6
1 3 5
1 3 6
1 4 5
1 4 6
1 6 5
1 7 5
1 7 6
1 8 5
1 9 5
1 11 5
1 12 5
1 12 6
1 13 5
1 13 6
1 14 5
2 0 5
2 0 6
2 0 14
2 1 5
2 1 6
2 2 5
2 2 14
2 3 5
2 3 6
2 3 14
2 4 6
2 4 14
2 5 5
2 5 6
2 5 14
2 6 6
2 7 5
2 7 6
2 7 14
2 8 5
2 9 5
2 9 6
2 10 14
2 11 5
2 12 14
2 13 5
2 13 6
2 14 5
3 0 0
3 0 6
3 1 6
3 3 0
3 4 6
3 5 0
3 5 6
3 6 6
3 9 0
3 10 6
3 11 0
3 11 6
3 12 0
3 13 0
3 13 6
3 14 0
3 14 6
4 0 5
4 0 6
4 1 5
4 2 5
4 4 5
4 4 12
4 5 12
4 6 5
4 6 6
4 7 6
4 8 5
4 9 5
4 10 6
4 11 12
4 12 6
4 12 12
4 14 6
5 0 6
5 0 7
5 0 9
5 0 10
5 1 0
5 1 7
5 1 9
5 1 10
5 2 0
5 2 9
5 2 11
5 3 6
5 3 7
5 4 6
5 4 9
5 5 0
5 5 6
5 5 7
5 5 11
5 5 13
5 6 6
5 6 7
5 6 11
5 6 13
5 7 6
5 7 7
5 7 9
5 7 11
5 8 0
5 8 6
5 8 7
5 8 9
5 8 10
5 8 13
5 9 9
5 10 0
5 10 6
5 10 10
5 10 11
5 11 0
5 11 6
5 11 13
5 12 7
5 12 9
5 13 6
5 13 9
5 14 0
6 0 3
6 0 5
6 0 6
6 0 8
6 0 12
6 1 5
6 1 12
6 1 13
6 2 3
6 2 5
6 2 6
6 2 12
6 3 3
6 3 8
6 4 3
6 4 6
6 4 8
6 5 3
6 5 5
6 5 8
6 5 10
6 5 12
6 6 3
6 6 5
6 6 6
6 6 10
6 6 12
6 7 3
6 7 5
6 7 10
6 7 13
6 8 3
6 8 5
6 8 6
6 8 8
6 8 10
6 8 13
6 9 6
6 9 8
6 9 13
6 10 3
6 10 6
6 12 10
6 12 12
6 13 3
6 13 6
6 13 8
6 13 10
6 13 12
6 13 13
6 14 3
6 14 5
6 14 6
6 14 8
6 14 10
6 14 13
7 0 0
7 0 6
7 0 11
7 1 0
7 1 5
7 2 6
7 2 11
7 3 0
7 3 6
7 3 11
7 3 12
7 4 0
7 4 6
7 4 11
7 4 12
7 5 5
7 5 6
7 6 0
7 6 5
7 6 6
7 6 11
7 6 12
7 7 12
7 8 0
7 8 5
7 8 6
7 9 0
7 9 6
7 9 11
7 9 12
7 10 5
7 10 6
7 10 11
7 10 12
7 11 5
7 11 11
7 11 12
7 12 0
7 12 5
7 12 11
7 12 12
7 13 6
7 13 12
7 14 5
7 14 6
7 14 12
8 0 2
8 0 6
8 0 7
8 0 8
8 0 13
8 1 2
8 1 4
8 1 5
8 1 6
8 1 7
8 1 13
8 2 2
8 2 4
8 2 5
8 2 8
8 2 12
8 2 13
8 3 6
8 3 7
8 3 13
8 4 2
8 4 4
8 4 13
8 5 5
8 5 7
8 5 8
8 5 13
8 6 2
8 6 8
8 6 13
8 7 2
8 7 4
8 7 6
8 7 8
8 7 13
8 8 2
8 8 5
8 8 6
8 8 8
8 8 13
8 9 2
8 9 4
8 9 6
8 9 7
8 9 8
8 9 12
8 10 2
8 10 4
8 10 8
8 11 6
8 11 7
8 11 8
8 11 12
8 12 2
8 12 6
8 12 8
8 13 2
8 13 4
8 13 5
8 13 6
8 13 12
8 13 13
8 14 4
8 14 5
8 14 6
8 14 12
9 0 6
9 4 6
9 7 6
9 8 6
9 10 6
9 13 6
10 0 6
10 1 6
10 1 14
10 3 5
10 3 6
10 4 5
10 4 6
10 5 5
10 5 6
10 6 6
10 6 14
10 7 5
10 7 6
10 7 14
10 8 6
10 10 5
10 10 6
10 10 14
10 11 14
10 12 5
11 0 0
11 0 1
11 0 5
11 0 6
11 1 1
11 1 2
11 1 3
11 1 5
11 1 6
11 1 12
11 1 14
11 2 0
11 2 3
11 2 4
11 2 9
11 2 14
11 3 1
11 3 2
11 3 4
11 3 6
11 3 8
11 3 9
11 3 11
11 4 1
11 4 3
11 4 5
11 4 6
11 4 8
11 4 11
11 4 12
11 4 14
11 5 4
11 5 5
11 5 8
11 5 9
11 5 14
11 6 0
11 6 2
11 6 3
11 6 4
11 6 8
11 6 11
11 6 12
11 7 0
11 7 2
11 7 5
11 7 6
11 7 8
11 7 9
11 7 12
11 8 0
11 8 1
11 8 2
11 8 3
11 8 6
11 8 11
11 8 12
11 8 14
11 9 0
11 9 2
11 9 4
11 9 5
11 9 6
11 9 8
11 9 9
11 9 14
11 10 2
11 10 3
11 10 4
11 10 5
11 10 6
11 10 9
11 10 11
11 10 14
11 11 0
11 11 4
11 11 5
11 11 11
11 12 0
11 12 3
11 12 4
11 12 5
11 12 6
11 12 12
11 13 0
11 13 1
11 13 2
11 13 3
11 13 4
11 13 6
11 13 8
11 13 11
11 13 14
11 14 0
11 14 1
11 14 3
11 14 4
11 14 11
12 0 1
12 0 2
12 0 3
12 0 7
12 0 10
12 0 14
12 1 1
12 1 3
12 1 4
12 1 7
12 1 10
12 1 14
12 2 2
12 2 10
12 2 14
12 3 2
12 3 3
12 3 7
12 3 9
12 3 10
12 3 14
12 4 3
12 4 4
12 4 7
12 4 10
12 4 11
12 5 3
12 5 7
12 5 8
12 5 10
12 5 11
12 5 14
12 6 2
12 6 4
12 6 7
12 6 8
12 7 1
12 7 3
12 7 7
12 7 10
12 7 11
12 7 14
12 8 3
12 8 7
12 8 11
12 9 3
12 9 8
12 9 14
12 10 2
12 10 4
12 10 8
12 10 9
12 10 11
12 10 14
12 11 1
12 11 3
12 11 4
12 11 7
12 11 8
12 11 9
12 12 1
12 12 4
12 12 7
12 12 10
12 13 1
12 13 7
12 13 8
12 13 9
12 14 2
12 14 3
12 14 7
12 14 9
12 14 10
12 14 11
12 14 14
13 0 1
13 0 5
13 0 13
13 0 14
13 1 7
13 1 13
13 2 1
13 2 5
13 2 7
13 2 12
13 3 1
13 3 5
13 3 7
13 3 12
13 4 1
13 4 12
13 4 14
13 5 12
13 6 1
13 6 13
13 6 14
13 7 1
13 8 1
13 8 13
13 8 14
13 9 1
13 9 5
13 9 7
13 9 13
13 9 14
13 10 1
13 10 7
13 10 13
13 10 14
13 11 5
13 11 7
13 11 13
13 12 5
13 12 7
13 12 12
13 13 1
13 13 5
13 13 7
13 13 13
13 13 14
13 14 1
13 14 7
13 14 13
14 0 0
14 0 4
14 0 6
14 0 10
14 0 11
14 0 13
14 1 0
14 1 5
14 1 6
14 1 10
14 1 13
14 2 0
14 2 5
14 2 10
14 2 11
14 2 13
14 3 5
14 3 6
14 4 0
14 4 5
14 4 11
14 5 0
14 5 10
14 5 13
14 6 0
14 6 4
14 6 6
14 6 10
14 6 11
14 7 6
14 7 10
14 7 11
14 7 13
14 8 4
14 8 5
14 8 11
14 8 13
14 9 0
14 9 4
14 9 11
14 9 13
14 10 4
14 10 11
14 11 0
14 11 4
14 12 0
14 12 4
14 12 5
14 12 6
14 13 5
14 13 6
14 14 6
14 14 10
14 14 11
14 14 13
