11 237
0 0 6
0 1 8
0 1 9
0 2 8
0 6 8
0 9 8
0 10 6
0 10 8
1 0 9
1 4 9
1 6 9
1 8 9
1 9 9
1 10 6
2 0 6
2 3 6
2 4 6
2 9 6
3 0 2
3 0 6
3 0 7
3 1 6
3 1 9
3 2 2
3 2 4
3 2 7
3 3 2
3 3 4
3 3 9
3 4 6
3 4 9
3 5 2
3 5 6
3 5 9
3 6 4
3 6 9
3 7 2
3 7 6
3 7 7
3 7 9
3 8 4
3 8 9
3 9 2
3 9 6
3 10 2
3 10 4
4 0 5
4 0 6
4 0 9
4 1 8
4 2 9
4 3 5
4 3 9
4 4 5
4 5 8
4 5 9
4 6 5
4 6 6
4 7 6
4 8 5
4 8 6
4 8 8
4 9 5
4 9 6
4 9 9
4 10 6
4 10 8
5 0 5
5 0 6
5 1 0
5 1 2
5 1 4
5 1 5
5 1 6
5 2 0
5 2 2
5 2 4
5 2 6
5 3 0
5 3 5
5 3 6
5 4 4
5 4 5
5 4 6
5 5 0
5 5 2
5 5 6
5 6 0
5 6 2
5 6 4
5 6 5
5 6 6
5 7 2
5 7 4
5 8 0
5 8 5
5 8 6
5 8 10
5 9 2
5 9 10
5 10 0
5 10 2
5 10 10
6 0 2
6 0 3
6 0 7
6 1 7
6 1 8
6 2 3
6 2 5
6 2 7
6 2 8
6 3 3
6 3 5
6 3 8
6 3 10
6 4 2
6 4 3
6 4 5
6 4 10
6 5 2
6 5 5
6 5 7
6 5 10
6 6 3
6 6 5
6 6 8
6 6 10
6 7 5
6 7 7
6 7 8
6 7 10
6 8 2
6 8 3
6 8 8
6 9 2
6 9 3
6 9 7
6 9 8
6 9 10
7 0 6
7 1 5
7 1 6
7 2 5
7 3 5
7 3 6
7 4 5
7 7 5
7 7 6
7 8 5
7 8 6
7 9 5
7 9 6
7 10 6
8 0 1
8 0 2
8 1 0
8 1 7
8 1 8
8 2 7
8 3 2
8 3 8
8 4 2
8 5 0
8 5 7
8 5 8
8 6 1
8 6 2
8 7 1
8 7 7
8 7 8
8 8 0
8 8 2
8 8 7
8 9 0
8 9 2
8 9 8
8 10 7
8 10 8
9 0 1
9 0 2
9 0 4
9 0 8
9 1 8
9 2 1
9 2 4
9 3 2
9 3 6
9 4 2
9 4 4
9 4 6
9 4 8
9 5 1
9 5 2
9 5 8
9 6 4
9 6 6
9 6 8
9 7 2
9 7 4
9 7 8
9 8 4
9 8 6
9 8 8
9 9 2
9 9 4
9 9 8
9 10 2
10 0 4
10 2 9
10 2 10
10 3 4
10 3 7
10 3 9
10 3 10
10 4 7
10 4 9
10 5 7
10 5 9
10 6 7
10 6 8
10 6 10
10 7 4
10 7 7
10 7 8
10 7 9
10 7 10
10 8 4
10 8 8
10 8 10
10 9 4
10 9 8
10 9 9
10 9 10
10 10 7
10 10 8
10 10 10
