15 600
0 1 10
0 1 13
0 3 13
0 4 10
0 6 10
0 6 13
0 7 13
0 8 13
0 9 10
0 9 13
0 10 10
0 10 13
0 11 10
0 12 13
0 13 13
0 14 10
1 1 8
1 1 13
1 2 8
1 2 13
1 3 8
1 3 10
1 4 12
1 5 8
1 5 10
1 6 8
1 6 10
1 6 13
1 7 10
1 7 13
1 8 8
1 9 8
1 9 10
1 9 12
1 10 8
1 10 10
1 10 13
1 11 8
1 12 10
1 12 12
1 12 13
1 13 13
1 14 12
1 14 13
2 0 13
2 0 14
2 1 1
2 1 11
2 1 14
2 2 13
2 3 10
2 3 12
2 3 13
2 3 14
2 4 5
2 4 10
2 4 11
2 4 13
2 4 14
2 5 1
2 5 5
2 5 12
2 6 5
2 6 12
2 6 13
2 6 14
2 8 1
2 8 10
2 8 11
2 8 12
2 8 13
2 8 14
2 9 1
2 9 5
2 9 11
2 9 12
2 10 5
2 10 10
2 10 11
2 10 12
2 10 13
2 10 14
2 11 1
2 11 11
2 12 10
2 12 13
2 12 14
2 13 5
2 13 14
2 14 11
3 0 13
3 1 5
3 1 12
3 1 13
3 2 10
3 2 12
3 3 5
3 4 13
3 5 10
3 5 12
3 6 5
3 7 5
3 7 10
3 7 12
3 7 13
3 8 5
3 9 13
3 10 5
3 11 13
3 12 13
3 13 5
3 13 13
3 14 5
3 14 10
3 14 12
3 14 13
4 0 14
4 1 0
4 1 14
4 2 0
4 2 14
4 4 8
4 4 14
4 6 14
4 7 8
4 8 14
4 9 0
4 9 8
4 10 14
4 11 0
4 12 14
4 13 0
4 13 8
4 13 14
5 0 8
5 0 10
5 0 13
5 0 14
5 1 5
5 1 14
5 2 5
5 2 8
5 2 10
5 2 14
5 3 8
5 4 10
5 4 13
5 5 5
5 5 10
5 6 5
5 6 8
5 6 13
5 6 14
5 7 8
5 7 10
5 7 13
5 7 14
5 8 14
5 9 8
5 9 10
5 9 14
5 10 8
5 11 5
5 11 10
5 11 13
5 12 8
5 12 10
5 12 14
5 13 5
5 13 8
5 13 13
5 13 14
5 14 10
5 14 14
6 0 12
6 1 5
6 2 5
6 2 12
6 2 13
6 4 12
6 6 12
6 8 12
6 8 13
6 9 5
6 9 12
6 11 5
6 11 12
6 12 5
6 12 13
6 13 12
6 14 5
6 14 13
7 0 13
7 0 14
7 1 0
7 1 6
7 1 10
7 1 11
7 1 13
7 1 14
7 2 0
7 2 10
7 2 11
7 2 14
7 3 0
7 3 6
7 3 10
7 3 11
7 3 13
7 3 14
7 4 0
7 4 10
7 4 11
7 4 14
7 5 0
7 5 10
7 5 13
7 5 14
7 6 0
7 6 14
7 7 0
7 7 6
7 7 10
7 7 13
7 8 10
7 8 11
7 8 13
7 9 6
7 9 10
7 9 11
7 10 0
7 10 6
7 10 10
7 10 13
7 11 0
7 11 6
7 11 10
7 11 13
7 11 14
7 12 13
7 13 0
7 14 0
7 14 6
7 14 10
7 14 13
7 14 14
8 0 0
8 0 5
8 0 6
8 0 9
8 0 11
8 0 13
8 1 1
8 1 5
8 2 1
8 2 2
8 2 4
8 2 9
8 2 10
8 2 11
8 3 1
8 3 2
8 3 4
8 3 5
8 3 9
8 3 11
8 4 0
8 4 1
8 4 7
8 4 10
8 4 11
8 4 13
8 5 0
8 5 13
8 6 0
8 6 1
8 6 2
8 6 4
8 6 6
8 6 9
8 6 10
8 6 11
8 6 13
8 7 0
8 7 4
8 7 10
8 7 13
8 8 0
8 8 1
8 8 2
8 8 5
8 8 10
8 8 13
8 9 7
8 9 10
8 9 11
8 10 1
8 10 2
8 10 4
8 10 5
8 10 7
8 10 9
8 10 10
8 10 13
8 11 0
8 11 1
8 11 2
8 11 5
8 11 6
8 11 7
8 11 9
8 11 10
8 11 13
8 12 0
8 12 4
8 12 7
8 12 11
8 12 13
8 13 0
8 13 1
8 13 5
8 13 6
8 13 9
8 14 5
8 14 6
8 14 9
8 14 10
9 0 0
9 0 5
9 0 8
9 0 10
9 1 5
9 1 10
9 2 0
9 3 9
9 4 0
9 4 10
9 5 0
9 5 9
9 6 0
9 6 9
9 6 10
9 7 0
9 7 5
9 7 8
9 7 9
9 8 5
9 8 8
9 8 9
9 9 0
9 9 5
9 9 8
9 9 9
9 10 5
9 10 8
9 11 0
9 11 9
9 11 10
9 12 0
9 12 8
9 12 9
9 12 10
9 13 0
9 13 8
9 13 10
9 14 0
9 14 5
9 14 8
9 14 9
9 14 10
10 0 2
10 0 5
10 1 12
10 2 5
10 2 14
10 3 2
10 3 5
10 3 14
10 4 2
10 4 14
10 5 2
10 5 5
10 5 12
10 6 5
10 6 14
10 7 2
10 7 12
10 7 14
10 8 2
10 8 14
10 9 14
10 10 12
10 10 14
10 11 2
10 11 5
10 11 12
10 12 14
10 13 5
10 13 14
10 14 2
10 14 5
11 0 10
11 0 13
11 0 14
11 1 8
11 1 13
11 2 8
11 2 13
11 3 13
11 4 14
11 5 10
11 5 14
11 6 10
11 6 13
11 7 10
11 7 14
11 8 8
11 9 8
11 9 10
11 9 14
11 10 10
11 12 10
11 12 13
11 12 14
11 13 8
11 13 14
11 14 8
11 14 10
12 0 12
12 0 14
12 1 5
12 1 13
12 2 12
12 2 14
12 3 5
12 3 12
12 3 13
12 4 12
12 4 14
12 5 12
12 5 13
12 5 14
12 6 12
12 6 13
12 7 5
12 7 13
12 7 14
12 8 5
12 8 12
12 8 13
12 9 12
12 9 13
12 9 14
12 10 5
12 10 12
12 10 14
12 11 12
12 11 13
12 11 14
12 12 12
12 12 13
12 13 14
12 14 5
12 14 14
13 0 4
13 0 7
13 0 9
13 0 13
13 1 2
13 1 4
13 1 7
13 1 9
13 1 11
13 1 13
13 2 0
13 2 13
13 3 9
13 3 12
13 4 4
13 4 7
13 4 9
13 4 11
13 5 7
13 5 11
13 5 12
13 6 2
13 6 4
13 6 7
13 6 11
13 6 13
13 7 0
13 7 2
13 7 4
13 7 7
13 7 12
13 8 2
13 8 7
13 8 9
13 8 12
13 9 0
13 9 9
13 10 0
13 10 7
13 10 9
13 10 12
13 11 2
13 11 4
13 11 7
13 11 9
13 12 0
13 12 4
13 12 11
13 12 12
13 12 13
13 13 7
13 13 9
13 13 11
13 14 0
13 14 7
13 14 11
13 14 12
13 14 13
14 0 0
14 0 1
14 0 8
14 0 14
14 1 0
14 1 1
14 1 4
14 1 7
14 1 12
14 1 14
14 2 1
14 2 2
14 2 4
14 2 7
14 2 12
14 2 13
14 2 14
14 3 0
14 3 1
14 3 12
14 3 14
14 4 0
14 4 1
14 4 4
14 4 7
14 4 8
14 4 13
14 5 0
14 5 1
14 5 4
14 5 12
14 5 13
14 5 14
14 6 4
14 6 7
14 6 8
14 6 12
14 6 13
14 7 0
14 7 2
14 7 4
14 7 13
14 8 2
14 9 0
14 9 1
14 9 2
14 9 4
14 9 7
14 9 8
14 9 12
14 10 0
14 10 1
14 10 4
14 10 8
14 10 12
14 10 13
14 10 14
14 11 4
14 11 7
14 11 13
14 12 1
14 12 2
14 12 4
14 12 12
14 12 13
14 13 0
14 13 1
14 13 2
14 13 4
14 13 7
14 13 14
14 14 0
14 14 2
14 14 4
14 14 8
14 14 12
14 14 13
14 14 14
