12 325
0 0 7
0 0 9
0 1 7
0 2 9
0 3 5
0 3 9
0 6 7
0 7 7
0 8 7
0 9 9
0 10 9
0 11 5
1 0 5
1 0 9
1 1 5
1 2 5
1 3 7
1 4 5
1 4 7
1 5 5
1 5 7
1 6 5
1 6 7
1 6 9
1 7 5
1 7 9
1 8 5
1 8 7
1 9 5
1 10 7
2 0 2
2 0 4
2 0 7
2 0 9
2 1 2
2 1 3
2 2 2
2 2 3
2 2 8
2 2 9
2 3 2
2 3 4
2 3 5
2 3 8
2 4 2
2 4 4
2 4 5
2 4 7
2 4 8
2 4 9
2 4 11
2 5 4
2 5 6
2 5 7
2 5 8
2 5 9
2 6 2
2 6 3
2 6 6
2 6 9
2 6 11
2 7 3
2 7 4
2 7 5
2 7 6
2 7 7
2 7 8
2 7 9
2 8 2
2 8 3
2 8 4
2 8 6
2 8 7
2 8 11
2 9 2
2 9 5
2 9 6
2 9 7
2 9 8
2 9 11
2 10 3
2 10 4
2 10 5
2 10 8
2 11 2
2 11 3
2 11 5
2 11 6
2 11 8
2 11 11
3 0 0
3 0 3
3 0 7
3 0 8
3 1 0
3 1 2
3 1 3
3 2 2
3 3 3
3 4 0
3 4 2
3 4 3
3 4 7
3 5 0
3 5 2
3 5 8
3 5 11
3 6 8
3 7 0
3 7 3
3 7 7
3 7 11
3 8 3
3 8 8
3 9 0
3 9 3
3 9 8
3 9 11
3 10 0
3 10 2
3 10 7
3 10 8
3 10 11
3 11 0
3 11 2
3 11 3
3 11 11
4 0 1
4 0 7
4 1 7
4 1 8
4 2 1
4 3 1
4 3 4
4 3 6
4 3 7
4 3 11
4 5 6
4 5 8
4 6 4
4 6 6
4 6 8
4 6 11
4 7 1
4 7 4
4 7 6
4 7 7
4 7 8
4 7 11
4 8 1
4 8 4
4 8 6
4 8 11
4 9 7
4 9 11
4 10 4
4 10 7
4 10 8
4 10 11
4 11 1
4 11 6
4 11 7
5 0 0
5 0 4
5 0 5
5 0 7
5 1 0
5 1 2
5 1 4
5 1 7
5 1 10
5 2 7
5 3 0
5 3 2
5 3 7
5 4 2
5 4 7
5 4 10
5 5 2
5 5 4
5 5 7
5 5 10
5 6 2
5 6 7
5 7 0
5 7 2
5 7 5
5 7 10
5 8 0
5 8 4
5 8 5
5 8 7
5 9 4
5 10 4
5 10 5
5 10 7
5 11 0
5 11 2
5 11 7
6 0 4
6 0 8
6 2 3
6 2 4
6 2 8
6 3 3
6 3 4
6 3 8
6 4 3
6 4 4
6 4 8
6 6 3
6 6 8
6 7 3
6 8 3
6 8 4
6 9 3
6 9 4
6 9 8
7 0 0
7 0 4
7 0 5
7 0 7
7 0 8
7 1 0
7 1 2
7 2 0
7 2 2
7 2 4
7 2 5
7 2 7
7 2 8
7 2 9
7 2 11
7 3 0
7 3 4
7 3 11
7 4 4
7 4 7
7 4 8
7 4 9
7 5 0
7 5 2
7 5 4
7 5 5
7 5 6
7 5 11
7 6 5
7 6 8
7 6 9
7 7 4
7 7 6
7 7 8
7 7 9
7 7 11
7 8 0
7 8 5
7 8 7
7 9 0
7 9 2
7 9 5
7 9 7
7 9 11
7 10 2
7 10 7
7 10 9
7 10 11
7 11 2
7 11 5
7 11 6
7 11 7
7 11 8
8 0 7
8 1 1
8 2 9
8 3 9
8 4 1
8 5 1
8 6 1
8 7 1
8 7 7
8 7 9
8 8 1
8 8 7
8 9 1
8 11 1
8 11 7
8 11 9
9 0 1
9 0 6
9 1 7
9 2 7
9 3 6
9 3 7
9 6 6
9 6 7
9 8 6
9 9 6
9 10 6
9 11 7
10 0 7
10 4 7
10 7 7
11 0 1
11 0 5
11 1 1
11 1 7
11 2 1
11 2 5
11 2 7
11 3 1
11 3 7
11 4 7
11 5 5
11 6 7
11 7 5
11 8 1
11 8 7
11 9 1
11 9 5
11 9 7
11 10 1
11 10 5
11 10 7
11 11 1
11 11 7
