16 769
0 0 0
0 0 8
0 1 0
0 1 8
0 2 9
0 3 6
0 3 9
0 3 14
0 4 6
0 4 8
0 4 14
0 5 0
0 5 14
0 6 8
0 6 14
0 7 0
0 7 8
0 7 14
0 8 0
0 8 6
0 8 14
0 9 0
0 9 8
0 9 14
0 10 0
0 10 6
0 10 8
0 10 9
0 10 14
0 11 6
0 11 8
0 11 9
0 11 14
0 12 0
0 12 6
0 12 8
0 13 9
0 14 14
0 15 9
0 15 14
1 0 2
1 0 4
1 0 11
1 0 14
1 1 1
1 1 11
1 1 15
1 2 2
1 2 4
1 2 15
1 3 4
1 3 10
1 3 11
1 3 13
1 4 1
1 4 2
1 4 4
1 4 11
1 5 2
1 5 4
1 5 11
1 5 13
1 6 1
1 6 4
1 6 10
1 6 13
1 6 15
1 7 4
1 7 10
1 7 15
1 8 10
1 8 13
1 9 1
1 9 4
1 9 10
1 9 14
1 10 1
1 10 10
1 10 11
1 10 13
1 10 15
1 11 4
1 12 4
1 12 14
1 12 15
1 13 2
1 13 4
1 13 10
1 13 11
1 13 13
1 13 14
1 14 1
1 14 2
1 14 4
1 14 13
1 14 15
1 15 11
1 15 15
2 0 6
2 0 9
2 0 14
2 0 15
2 1 3
2 1 10
2 1 11
2 1 15
2 2 3
2 2 9
2 2 10
2 2 11
2 2 14
2 2 15
2 3 6
2 3 14
2 3 15
2 4 9
2 5 6
2 5 15
2 6 3
2 6 9
2 6 14
2 7 6
2 7 10
2 7 15
2 8 6
2 8 9
2 8 14
2 8 15
2 9 3
2 9 11
2 9 15
2 10 14
2 11 3
2 11 10
2 11 11
2 11 15
2 12 9
2 12 10
2 12 14
2 13 14
2 14 9
2 14 10
2 14 11
2 14 14
2 14 15
2 15 3
2 15 6
2 15 9
2 15 11
2 15 14
3 0 9
3 0 10
3 0 11
3 1 6
3 1 7
3 1 11
3 1 15
3 2 2
3 2 10
3 2 11
3 3 2
3 3 4
3 3 11
3 3 15
3 4 2
3 4 7
3 4 9
3 4 10
3 4 11
3 5 9
3 6 2
3 6 7
3 6 15
3 7 2
3 7 7
3 7 15
3 8 4
3 8 6
3 8 9
3 8 10
3 8 15
3 9 4
3 9 10
3 9 11
3 10 4
3 10 6
3 10 9
3 10 10
3 10 11
3 11 2
3 11 6
3 11 9
3 11 10
3 11 11
3 11 15
3 12 7
3 12 10
3 12 11
3 12 15
3 13 4
3 13 6
3 13 7
3 13 10
3 13 11
3 14 2
3 14 6
3 14 7
3 14 9
3 14 10
3 15 4
3 15 9
4 0 6
4 0 13
4 1 5
4 1 6
4 1 9
4 2 5
4 2 8
4 3 13
4 4 5
4 4 9
4 5 5
4 5 6
4 5 13
4 6 5
4 6 6
4 6 8
4 6 9
4 6 13
4 7 5
4 7 8
4 7 13
4 9 8
4 9 9
4 10 6
4 10 8
4 10 13
4 11 6
4 11 8
4 11 9
4 12 6
4 12 9
4 12 13
4 13 8
4 13 13
4 14 6
4 14 13
4 15 6
4 15 8
4 15 9
4 15 13
5 0 8
5 0 9
5 1 9
5 2 9
5 3 9
5 4 8
5 6 9
5 7 8
5 7 9
5 9 9
5 11 8
5 12 9
5 13 8
5 14 8
5 15 8
6 0 0
6 0 3
6 0 10
6 0 12
6 0 14
6 1 0
6 1 2
6 1 3
6 1 7
6 1 10
6 1 11
6 2 0
6 2 2
6 2 7
6 2 10
6 2 13
6 3 11
6 3 12
6 4 2
6 4 10
6 4 11
6 5 2
6 5 14
6 6 0
6 6 2
6 6 10
6 6 12
6 6 13
6 7 2
6 7 7
6 7 11
6 7 13
6 8 0
6 8 2
6 8 7
6 8 12
6 9 0
6 9 7
6 9 11
6 9 12
6 9 13
6 10 0
6 10 3
6 10 10
6 10 12
6 10 14
6 11 0
6 11 3
6 11 10
6 11 11
6 11 12
6 11 13
6 11 14
6 12 0
6 12 11
6 12 13
6 13 0
6 13 7
6 13 13
6 13 14
6 14 2
6 14 7
6 14 11
6 14 12
6 15 3
6 15 7
6 15 10
6 15 11
7 0 1
7 0 2
7 0 7
7 0 9
7 0 10
7 1 0
7 1 2
7 1 7
7 1 10
7 2 11
7 3 0
7 3 1
7 3 9
7 3 10
7 4 1
7 4 2
7 4 5
7 4 10
7 4 11
7 5 0
7 5 9
7 5 11
7 6 1
7 6 2
7 6 5
7 6 7
7 6 9
7 7 2
7 7 10
7 8 0
7 8 5
7 8 7
7 8 11
7 9 0
7 9 2
7 9 9
7 9 10
7 9 11
7 10 1
7 10 7
7 10 9
7 10 11
7 11 1
7 11 2
7 11 9
7 11 10
7 12 0
7 12 2
7 12 5
7 12 9
7 12 11
7 13 0
7 13 2
7 13 5
7 13 9
7 13 10
7 14 1
7 14 2
7 14 7
7 14 9
7 15 0
7 15 7
7 15 11
8 0 9
8 1 5
8 1 9
8 2 14
8 3 5
8 4 6
8 4 8
8 4 9
8 5 5
8 6 5
8 6 9
8 6 14
8 7 9
8 7 14
8 8 5
8 8 6
8 8 9
8 8 14
8 9 6
8 10 5
8 11 5
8 11 6
8 11 14
8 12 6
8 12 8
8 13 5
8 13 6
8 13 9
8 13 14
8 14 6
8 14 8
8 14 9
8 15 6
8 15 8
8 15 14
9 0 5
9 0 6
9 0 9
9 1 5
9 1 9
9 2 5
9 2 8
9 2 9
9 3 6
9 3 8
9 4 5
9 4 8
9 4 9
9 5 9
9 7 5
9 7 9
9 8 5
9 8 6
9 8 9
9 9 8
9 10 5
9 10 6
9 10 8
9 11 8
9 11 9
9 12 6
9 12 8
9 13 8
9 13 9
9 14 5
9 14 6
9 14 9
9 15 5
9 15 8
10 0 6
10 0 9
10 0 13
10 1 8
10 2 6
10 2 9
10 3 8
10 3 9
10 4 6
10 4 8
10 5 6
10 5 13
10 6 6
10 6 13
10 7 6
10 7 9
10 8 6
10 8 13
10 9 6
10 9 8
10 9 9
10 10 6
10 10 8
10 10 9
10 10 13
10 11 6
10 11 8
10 11 9
10 11 13
10 13 8
10 14 6
10 15 8
10 15 9
10 15 13
11 0 2
11 0 7
11 0 13
11 1 3
11 1 7
11 1 13
11 2 2
11 2 3
11 2 7
11 2 11
11 3 7
11 3 11
11 3 13
11 4 2
11 4 7
11 5 7
11 5 11
11 5 13
11 6 11
11 7 3
11 7 7
11 8 3
11 8 13
11 9 11
11 9 13
11 10 2
11 10 7
11 11 3
11 11 7
11 12 13
11 13 2
11 13 13
11 14 2
11 14 3
11 14 13
11 15 3
11 15 7
11 15 13
12 0 0
12 0 2
12 0 7
12 0 11
12 0 13
12 0 14
12 1 14
12 2 4
12 2 6
12 2 7
12 2 9
12 2 14
12 3 0
12 3 4
12 3 7
12 3 9
12 3 11
12 3 13
12 4 0
12 4 2
12 4 6
12 4 11
12 4 13
12 4 14
12 5 0
12 5 2
12 5 6
12 5 7
12 5 11
12 6 0
12 6 4
12 6 7
12 6 9
12 6 11
12 7 0
12 7 2
12 7 9
12 7 11
12 8 0
12 8 2
12 8 4
12 8 6
12 8 13
12 8 14
12 9 4
12 9 6
12 9 9
12 9 13
12 9 14
12 10 0
12 10 2
12 10 6
12 10 7
12 10 14
12 11 0
12 11 11
12 11 13
12 12 0
12 12 11
12 12 14
12 13 4
12 13 9
12 13 11
12 13 13
12 14 0
12 14 2
12 14 4
12 14 7
12 15 2
12 15 4
12 15 7
12 15 9
12 15 11
13 0 2
13 0 4
13 0 14
13 1 2
13 1 4
13 1 5
13 1 14
13 2 1
13 2 4
13 2 5
13 3 6
13 3 7
13 3 14
13 4 2
13 4 3
13 4 6
13 5 3
13 5 4
13 5 5
13 5 7
13 5 10
13 5 14
13 6 1
13 6 3
13 6 5
13 6 7
13 6 10
13 6 14
13 6 15
13 7 3
13 7 4
13 7 5
13 7 14
13 7 15
13 8 1
13 8 6
13 8 15
13 9 1
13 9 2
13 9 3
13 9 7
13 9 12
13 10 1
13 10 2
13 10 4
13 10 6
13 10 7
13 10 12
13 11 1
13 11 2
13 11 3
13 11 6
13 11 7
13 11 15
13 12 1
13 12 3
13 12 4
13 12 10
13 12 15
13 13 1
13 13 3
13 13 4
13 13 6
13 13 7
13 13 10
13 14 1
13 14 5
13 14 6
13 14 7
13 14 14
13 14 15
13 15 1
13 15 2
13 15 3
13 15 4
13 15 6
13 15 12
13 15 14
14 0 0
14 0 14
14 1 5
14 1 14
14 3 0
14 3 9
14 4 0
14 4 5
14 5 0
14 5 5
14 5 13
14 6 9
14 6 14
14 7 0
14 7 5
14 7 13
14 7 14
14 8 0
14 8 5
14 8 9
14 8 13
14 8 14
14 9 9
14 9 13
14 10 5
14 10 9
14 10 13
14 10 14
14 11 5
14 11 9
14 11 13
14 12 14
14 13 13
14 13 14
14 14 5
14 14 13
14 14 14
14 15 5
14 15 9
14 15 13
15 0 9
15 1 0
15 1 5
15 1 8
15 2 0
15 2 5
15 2 6
15 2 8
15 3 5
15 3 9
15 4 5
15 4 6
15 4 8
15 5 0
15 5 5
15 5 6
15 5 9
15 6 5
15 6 6
15 6 9
15 7 5
15 7 6
15 7 8
15 7 9
15 8 5
15 8 8
15 9 5
15 11 0
15 11 8
15 12 0
15 12 6
15 12 8
15 12 9
15 13 0
15 13 6
15 13 8
15 13 9
15 14 5
15 14 8
15 14 9
