14 513
0 0 12
0 1 6
0 2 12
0 3 6
0 3 8
0 3 12
0 4 6
0 4 8
0 5 12
0 6 8
0 6 12
0 7 6
0 8 12
0 9 8
0 9 12
0 10 6
0 10 12
0 12 8
0 12 12
0 13 8
0 13 12
1 0 6
1 0 9
1 0 12
1 1 6
1 1 7
1 2 7
1 2 9
1 2 12
1 3 6
1 3 12
1 4 7
1 5 9
1 6 12
1 7 6
1 7 9
1 8 7
1 9 9
1 10 9
1 10 12
1 12 6
1 12 7
1 12 9
1 13 6
1 13 7
1 13 9
1 13 12
2 0 6
2 0 8
2 0 12
2 1 2
2 1 3
2 1 6
2 1 12
2 2 6
2 2 10
2 2 12
2 3 6
2 3 10
2 3 12
2 4 2
2 4 3
2 4 6
2 4 10
2 4 12
2 5 3
2 5 8
2 5 10
2 6 2
2 6 10
2 7 2
2 7 3
2 7 6
2 7 8
2 8 2
2 8 3
2 8 8
2 8 12
2 9 2
2 9 3
2 9 6
2 9 10
2 9 12
2 10 3
2 10 8
2 10 10
2 11 2
2 11 6
2 11 10
2 11 12
2 12 6
2 12 8
2 12 10
2 12 12
2 13 2
2 13 3
3 0 1
3 0 3
3 0 6
3 0 7
3 1 0
3 1 1
3 1 5
3 1 10
3 2 1
3 2 2
3 2 7
3 2 10
3 3 2
3 3 6
3 4 0
3 4 1
3 4 2
3 4 3
3 4 6
3 4 12
3 5 1
3 5 3
3 5 6
3 5 7
3 6 0
3 6 2
3 6 3
3 6 6
3 7 1
3 7 3
3 8 0
3 8 1
3 8 5
3 8 6
3 8 12
3 9 0
3 9 1
3 9 2
3 9 3
3 9 5
3 9 7
3 9 12
3 10 2
3 10 3
3 10 5
3 10 7
3 10 12
3 11 2
3 11 3
3 11 7
3 11 10
3 12 0
3 12 2
3 12 3
3 12 5
3 12 12
3 13 0
3 13 1
3 13 7
3 13 10
4 0 2
4 0 8
4 0 9
4 0 10
4 1 8
4 1 10
4 2 2
4 2 10
4 3 6
4 3 9
4 3 11
4 4 1
4 4 8
4 4 9
4 4 10
4 4 11
4 5 1
4 5 6
4 5 8
4 5 11
4 6 1
4 6 2
4 6 6
4 6 8
4 6 11
4 7 6
4 7 8
4 7 9
4 8 6
4 8 9
4 9 6
4 9 8
4 9 10
4 10 1
4 10 9
4 10 10
4 11 1
4 12 6
4 12 9
4 12 11
4 13 6
4 13 8
4 13 9
5 0 6
5 0 7
5 0 12
5 2 12
5 3 7
5 5 6
5 6 7
5 7 7
5 7 12
5 8 7
5 8 12
5 9 7
5 9 12
5 10 6
5 10 7
5 10 12
5 11 6
5 13 6
5 13 7
5 13 12
6 0 1
6 0 2
6 0 3
6 0 7
6 0 10
6 0 13
6 1 1
6 1 10
6 1 12
6 1 13
6 2 1
6 2 4
6 2 6
6 2 7
6 2 10
6 2 12
6 3 0
6 3 2
6 3 9
6 3 10
6 3 13
6 4 0
6 4 3
6 4 12
6 5 0
6 5 1
6 5 3
6 5 4
6 5 7
6 5 13
6 6 0
6 6 3
6 6 7
6 6 9
6 7 2
6 7 4
6 7 6
6 7 9
6 7 12
6 7 13
6 8 0
6 8 1
6 8 3
6 8 4
6 8 6
6 8 10
6 8 13
6 9 1
6 9 3
6 9 4
6 9 7
6 9 12
6 10 1
6 10 3
6 10 4
6 10 7
6 10 9
6 10 10
6 10 12
6 11 3
6 11 4
6 11 6
6 11 12
6 12 0
6 12 1
6 12 3
6 12 4
6 12 9
6 12 10
6 12 12
6 12 13
6 13 3
6 13 4
6 13 6
6 13 12
6 13 13
7 0 6
7 0 12
7 1 7
7 1 8
7 1 12
7 2 8
7 3 7
7 3 8
7 3 12
7 4 6
7 4 7
7 6 6
7 6 8
7 7 6
7 7 7
7 8 6
7 8 7
7 9 6
7 9 7
7 10 6
7 10 7
7 10 12
7 11 7
7 11 8
7 11 12
7 12 6
7 12 12
7 13 8
7 13 12
8 0 3
8 0 9
8 1 3
8 1 9
8 2 3
8 2 8
8 2 9
8 2 12
8 3 12
8 4 8
8 4 12
8 5 3
8 5 8
8 6 3
8 6 9
8 7 3
8 7 12
8 8 8
8 9 8
8 9 12
8 10 3
8 11 3
8 11 12
8 12 3
8 12 8
8 12 9
8 13 3
8 13 8
9 0 1
9 0 2
9 0 4
9 0 5
9 0 8
9 0 10
9 1 0
9 1 5
9 1 6
9 1 8
9 1 10
9 2 2
9 2 3
9 2 4
9 2 8
9 2 10
9 3 0
9 3 4
9 3 5
9 3 8
9 3 9
9 3 10
9 3 12
9 4 3
9 4 6
9 4 8
9 4 10
9 4 12
9 5 3
9 5 12
9 6 0
9 6 3
9 6 4
9 6 5
9 6 6
9 6 8
9 6 10
9 7 1
9 7 3
9 7 4
9 7 5
9 7 8
9 7 9
9 8 0
9 8 1
9 8 4
9 8 5
9 8 8
9 8 9
9 8 12
9 9 2
9 9 4
9 9 5
9 9 8
9 9 9
9 9 12
9 10 0
9 10 1
9 10 4
9 10 8
9 11 0
9 11 1
9 11 4
9 11 9
9 12 0
9 12 3
9 12 5
9 12 6
9 12 10
9 12 12
9 13 0
9 13 1
9 13 2
9 13 9
9 13 12
10 0 4
10 0 5
10 1 4
10 1 5
10 2 5
10 2 6
10 3 4
10 4 6
10 5 4
10 5 6
10 6 4
10 6 6
10 7 5
10 8 6
10 9 4
10 9 5
10 10 4
10 11 4
10 11 5
10 12 6
10 13 4
11 0 4
11 0 12
11 0 13
11 1 13
11 2 7
11 3 6
11 3 12
11 4 4
11 4 13
11 5 7
11 5 12
11 6 4
11 6 6
11 6 12
11 7 6
11 7 12
11 8 7
11 8 12
11 8 13
11 9 4
11 9 6
11 9 12
11 9 13
11 10 4
11 10 7
11 10 12
11 11 7
11 11 12
11 11 13
11 12 6
11 12 12
11 13 6
11 13 12
11 13 13
12 0 7
12 0 12
12 1 7
12 1 12
12 2 3
12 2 7
12 2 12
12 3 7
12 4 12
12 5 3
12 5 7
12 8 7
12 8 12
12 9 3
12 10 3
12 10 12
12 11 7
12 11 12
12 12 12
12 13 3
12 13 12
13 1 7
13 1 12
13 3 7
13 3 12
13 5 7
13 6 7
13 6 12
13 11 12
13 12 12
13 13 7
