11 198
0 0 7
0 1 7
0 3 3
0 3 7
0 4 7
0 5 3
0 5 7
0 6 7
0 7 3
0 7 7
0 8 3
0 8 7
0 9 3
0 10 7
1 0 2
1 0 10
1 1 3
1 2 2
1 2 4
1 3 4
1 3 10
1 4 2
1 4 3
1 4 4
1 4 10
1 5 3
1 5 4
1 5 10
1 6 3
1 6 10
1 8 2
1 8 3
1 9 2
1 9 3
1 9 4
1 10 10
2 0 5
2 1 7
2 3 5
2 4 5
2 4 7
2 5 5
2 6 7
2 10 7
3 2 8
3 3 3
3 3 8
3 4 3
3 4 7
3 4 8
3 5 7
3 6 7
3 6 8
3 7 8
3 8 3
3 9 3
3 9 7
3 9 8
3 10 7
3 10 8
4 0 7
4 1 3
4 1 7
4 2 3
4 2 7
4 3 7
4 6 3
4 6 7
4 7 3
4 7 7
4 8 7
4 9 7
5 0 0
5 0 1
5 0 5
5 0 6
5 0 10
5 1 0
5 1 5
5 1 6
5 1 7
5 2 0
5 2 1
5 2 6
5 2 10
5 3 0
5 3 1
5 3 10
5 4 1
5 4 5
5 4 6
5 5 7
5 5 10
5 6 5
5 6 10
5 7 0
5 7 6
5 8 5
5 8 7
5 9 1
5 10 0
5 10 10
6 1 1
6 1 4
6 1 6
6 1 8
6 2 2
6 2 4
6 2 8
6 3 1
6 3 2
6 3 6
6 4 2
6 4 4
6 4 6
6 5 1
6 5 2
6 5 4
6 6 2
6 6 6
6 7 2
6 7 4
6 7 6
6 7 8
6 8 1
6 8 4
6 8 8
6 9 2
6 9 6
6 9 8
6 10 1
6 10 4
6 10 6
7 0 5
7 0 7
7 0 8
7 3 5
7 4 5
7 4 8
7 5 5
7 5 8
7 7 5
7 7 7
7 7 8
7 8 5
7 8 8
7 9 8
7 10 5
8 0 5
8 0 7
8 1 7
8 2 5
8 3 5
8 4 7
8 6 5
8 6 7
8 7 5
8 7 7
8 8 5
8 9 5
8 10 7
9 0 3
9 0 8
9 1 3
9 2 6
9 2 8
9 3 0
9 3 9
9 4 3
9 5 0
9 5 3
9 6 0
9 6 3
9 6 8
9 6 9
9 7 0
9 7 3
9 7 6
9 7 9
9 8 3
9 8 8
9 8 9
9 10 0
9 10 3
9 10 6
9 10 9
10 0 3
10 0 7
10 2 1
10 2 3
10 4 1
10 4 3
10 5 7
10 6 1
10 8 7
10 9 1
10 9 7
10 10 1
