12 365
0 0 1
0 0 9
0 2 1
0 3 9
0 4 9
0 5 1
0 6 9
0 9 1
0 9 9
1 0 1
1 0 9
1 1 9
1 2 1
1 3 1
1 4 1
1 4 9
1 5 9
1 7 1
1 10 9
1 11 1
1 11 9
2 0 9
2 1 9
2 1 10
2 2 1
2 3 9
2 4 1
2 5 1
2 5 10
2 6 9
2 7 1
2 8 9
2 8 10
2 9 9
2 9 10
2 10 1
2 10 10
3 0 4
3 1 1
3 1 5
3 1 8
3 1 11
3 2 4
3 2 8
3 2 9
3 3 1
3 3 4
3 3 8
3 3 9
3 4 3
3 4 8
3 4 11
3 5 3
3 5 4
3 5 8
3 6 1
3 6 3
3 6 4
3 6 5
3 6 9
3 6 11
3 7 1
3 7 8
3 7 9
3 7 11
3 8 5
3 8 8
3 8 11
3 9 3
3 9 5
3 9 9
3 9 11
3 10 3
3 10 4
3 10 5
3 10 11
3 11 1
3 11 4
3 11 5
3 11 8
3 11 9
3 11 11
4 0 10
4 0 11
4 1 0
4 1 2
4 1 9
4 1 10
4 1 11
4 2 6
4 2 7
4 3 2
4 3 9
4 4 2
4 5 7
4 5 10
4 5 11
4 6 0
4 6 6
4 7 2
4 7 4
4 7 6
4 7 9
4 7 10
4 9 9
4 9 10
4 9 11
4 10 0
4 10 2
4 10 4
4 10 6
4 10 9
4 11 0
4 11 2
4 11 4
4 11 6
4 11 9
4 11 11
5 0 9
5 1 1
5 1 9
5 1 10
5 1 11
5 2 4
5 2 9
5 2 10
5 2 11
5 3 1
5 3 9
5 3 11
5 4 9
5 5 1
5 5 4
5 5 10
5 5 11
5 6 1
5 6 10
5 7 9
5 7 11
5 8 4
5 8 11
5 9 4
5 9 9
5 10 9
5 10 10
5 11 1
5 11 4
5 11 9
6 0 1
6 0 9
6 0 11
6 2 1
6 2 9
6 2 11
6 3 9
6 3 11
6 4 9
6 5 9
6 5 11
6 6 1
6 6 9
6 6 11
6 7 1
6 7 9
6 8 1
6 9 9
6 10 1
6 11 1
6 11 9
7 0 6
7 0 7
7 0 8
7 0 9
7 1 0
7 1 3
7 1 6
7 1 8
7 1 9
7 2 3
7 2 6
7 2 8
7 2 9
7 2 11
7 3 0
7 3 3
7 3 6
7 4 3
7 4 6
7 4 7
7 4 8
7 4 9
7 5 3
7 5 9
7 6 3
7 6 6
7 6 11
7 7 0
7 7 6
7 7 8
7 7 11
7 8 3
7 8 6
7 9 7
7 9 8
7 9 11
7 10 3
7 10 8
7 11 0
7 11 7
7 11 8
7 11 9
7 11 11
8 0 0
8 0 2
8 1 0
8 1 2
8 1 6
8 1 7
8 1 8
8 2 2
8 2 8
8 3 1
8 3 2
8 3 7
8 4 1
8 5 0
8 5 1
8 5 2
8 5 6
8 5 7
8 5 8
8 5 11
8 6 1
8 6 7
8 6 8
8 7 0
8 7 1
8 7 2
8 7 7
8 7 8
8 8 0
8 8 2
8 8 7
8 9 0
8 9 11
8 10 0
8 10 2
8 10 7
8 10 11
8 11 2
8 11 6
8 11 7
8 11 8
8 11 11
9 0 2
9 0 5
9 0 8
9 0 11
9 1 0
9 1 3
9 1 5
9 1 8
9 1 11
9 2 2
9 2 5
9 3 0
9 3 2
9 3 11
9 4 0
9 4 3
9 4 5
9 4 8
9 4 11
9 5 0
9 5 2
9 5 3
9 5 5
9 5 8
9 5 9
9 6 9
9 7 8
9 7 9
9 8 3
9 8 5
9 8 8
9 8 11
9 10 8
9 10 9
9 10 11
9 11 3
9 11 5
10 0 0
10 0 1
10 0 4
10 0 6
10 0 8
10 0 11
10 1 0
10 1 1
10 1 10
10 1 11
10 2 3
10 2 4
10 2 11
10 3 3
10 3 6
10 3 8
10 3 9
10 3 11
10 4 0
10 4 1
10 4 3
10 4 6
10 4 9
10 5 0
10 5 8
10 5 9
10 5 10
10 6 0
10 6 1
10 6 8
10 6 10
10 7 0
10 7 1
10 7 10
10 8 1
10 8 4
10 8 8
10 8 9
10 8 10
10 9 0
10 9 4
10 9 10
10 9 11
10 10 0
10 10 8
10 11 1
10 11 8
10 11 10
10 11 11
11 0 4
11 0 9
11 0 10
11 1 9
11 2 4
11 3 4
11 3 9
11 3 10
11 4 4
11 4 10
11 5 4
11 5 9
11 5 10
11 6 4
11 6 9
11 6 10
11 8 4
11 8 10
11 9 4
11 9 9
11 9 10
11 10 4
11 10 9
11 10 10
11 11 9
