9 140
0 0 0
0 0 1
0 0 4
0 0 6
0 1 2
0 2 0
0 2 4
0 2 6
0 3 0
0 3 1
0 3 2
0 4 0
0 4 2
0 4 6
0 5 1
0 5 4
0 6 0
0 6 1
0 6 2
0 6 4
0 7 0
0 8 1
0 8 2
0 8 4
1 1 3
1 1 8
1 3 8
1 4 8
1 5 3
1 5 8
1 6 3
1 6 8
1 7 3
2 0 3
2 0 4
2 0 7
2 1 5
2 1 6
2 2 2
2 2 3
2 2 5
2 2 6
2 3 3
2 3 4
2 4 5
2 4 6
2 5 2
2 5 3
2 5 4
2 5 6
2 6 2
2 6 3
2 6 4
2 6 6
2 7 3
2 7 7
2 8 2
2 8 4
2 8 5
2 8 6
3 0 8
3 1 8
3 2 8
3 3 8
3 6 8
3 7 8
3 8 8
4 0 1
4 0 5
4 1 5
4 1 6
4 2 1
4 2 5
4 3 1
4 3 5
4 4 5
4 4 6
4 5 5
4 6 1
4 7 5
4 7 6
4 8 5
5 0 4
5 0 5
5 1 8
5 2 4
5 2 5
5 2 8
5 3 4
5 3 7
5 3 8
5 4 4
5 4 5
5 5 5
5 5 8
5 6 5
5 6 8
5 7 4
5 7 5
5 8 4
5 8 5
5 8 7
5 8 8
6 0 8
6 1 3
6 2 8
6 4 3
6 4 8
6 5 3
6 5 8
6 6 8
7 3 8
7 4 8
7 5 8
7 6 8
8 0 1
8 0 2
8 0 5
8 0 8
8 1 5
8 2 1
8 2 2
8 2 5
8 2 8
8 3 5
8 3 8
8 4 1
8 4 4
8 5 2
8 5 4
8 5 8
8 6 4
8 6 5
8 6 8
8 7 2
8 7 4
8 7 5
8 7 8
8 8 4
8 8 5
