12 308
0 0 1
0 0 3
0 0 8
0 0 10
0 1 0
0 1 1
0 1 4
0 1 5
0 2 0
0 2 1
0 2 5
0 2 8
0 3 0
0 3 1
0 3 3
0 3 10
0 4 0
0 4 3
0 4 4
0 4 5
0 5 0
0 5 2
0 5 3
0 5 10
0 6 2
0 6 3
0 6 4
0 6 8
0 7 0
0 7 2
0 7 3
0 7 4
0 7 7
0 7 8
0 7 10
0 8 0
0 8 2
0 8 4
0 8 10
0 9 0
0 9 1
0 9 3
0 9 4
0 9 10
0 10 0
0 10 2
0 10 3
0 10 7
0 10 10
0 11 2
0 11 3
0 11 5
0 11 7
0 11 8
1 0 0
1 0 6
1 1 0
1 3 0
1 3 5
1 3 6
1 4 0
1 5 0
1 5 6
1 6 6
1 7 0
1 7 5
1 7 6
1 8 0
1 8 5
1 9 5
1 11 5
1 11 6
2 1 5
2 2 5
2 6 5
2 10 5
2 11 5
3 0 4
3 0 5
3 0 11
3 1 1
3 1 2
3 1 9
3 2 1
3 2 2
3 2 11
3 3 4
3 4 2
3 4 5
3 5 4
3 5 5
3 6 1
3 6 4
3 6 11
3 7 1
3 7 2
3 7 4
3 8 2
3 8 5
3 8 11
3 9 2
3 9 5
3 9 9
3 10 1
3 10 9
3 11 1
3 11 2
3 11 5
3 11 9
4 0 6
4 0 10
4 1 0
4 1 5
4 1 10
4 3 5
4 4 5
4 4 6
4 4 10
4 5 0
4 5 5
4 5 6
4 6 10
4 7 0
4 7 10
4 8 0
4 8 10
4 9 5
4 10 6
4 10 10
4 11 5
4 11 6
5 0 10
5 2 6
5 2 10
5 3 6
5 4 6
5 4 7
5 5 6
5 6 10
5 7 7
5 7 10
5 8 7
5 9 6
5 10 6
5 11 6
6 0 0
6 0 11
6 1 1
6 1 11
6 2 0
6 2 9
6 3 1
6 3 5
6 4 5
6 4 9
6 5 4
6 5 5
6 6 0
6 6 4
6 6 5
6 6 9
6 7 0
6 7 1
6 7 5
6 7 9
6 8 4
6 9 4
6 9 5
6 9 9
6 10 1
6 10 4
6 10 5
6 10 11
6 11 0
6 11 4
6 11 5
6 11 11
7 0 5
7 0 10
7 1 0
7 1 5
7 1 10
7 2 10
7 3 5
7 3 10
7 4 0
7 4 5
7 5 0
7 7 5
7 7 10
7 8 0
7 8 5
7 9 0
7 9 5
7 9 10
7 10 0
7 10 5
7 10 10
7 11 0
7 11 5
8 0 0
8 0 2
8 0 4
8 0 7
8 0 8
8 1 2
8 1 4
8 2 0
8 2 1
8 2 2
8 2 4
8 3 0
8 3 2
8 3 7
8 3 8
8 4 0
8 4 1
8 4 2
8 4 7
8 5 0
8 5 4
8 5 7
8 6 2
8 7 1
8 7 7
8 7 8
8 8 0
8 8 1
8 8 4
8 9 0
8 9 4
8 9 8
8 10 1
8 10 8
8 11 1
8 11 4
8 11 7
9 0 2
9 0 3
9 1 2
9 1 7
9 1 9
9 1 10
9 2 3
9 2 7
9 3 3
9 3 6
9 4 2
9 4 6
9 5 2
9 5 6
9 5 7
9 5 9
9 6 2
9 6 3
9 6 9
9 7 2
9 7 7
9 7 9
9 8 2
9 8 6
9 8 7
9 8 10
9 9 1
9 9 3
9 9 7
9 10 1
9 10 6
9 10 7
9 10 9
9 10 10
9 11 2
9 11 6
9 11 10
10 0 6
10 1 5
10 1 6
10 2 1
10 2 5
10 3 1
10 4 6
10 6 6
10 7 1
10 8 1
10 8 6
10 9 1
10 9 6
10 10 5
10 10 6
10 11 6
11 1 1
11 1 10
11 2 1
11 2 5
11 2 10
11 3 10
11 5 1
11 5 5
11 5 10
11 6 5
11 7 1
11 8 5
11 8 10
11 9 1
11 9 5
11 10 1
11 10 5
11 11 5
