9 147
0 0 3
0 0 6
0 2 3
0 2 6
0 3 0
0 3 6
0 4 0
0 4 3
0 4 6
0 5 0
0 5 3
0 6 0
0 6 3
0 7 3
0 7 6
0 8 0
0 8 6
1 2 0
1 3 0
1 5 0
1 7 0
2 0 3
2 1 0
2 1 6
2 2 0
2 2 3
2 4 6
2 5 0
2 7 0
2 7 3
2 8 3
3 1 3
3 1 5
3 1 7
3 2 0
3 2 5
3 2 7
3 3 1
3 3 3
3 3 5
3 4 7
3 5 7
3 6 0
3 6 1
3 7 0
3 7 3
3 7 5
3 7 7
3 8 0
3 8 5
3 8 7
4 0 1
4 0 2
4 0 4
4 0 6
4 1 0
4 1 3
4 1 6
4 2 1
4 2 2
4 2 4
4 3 0
4 4 3
4 4 6
4 5 0
4 5 3
4 5 4
4 5 6
4 6 0
4 7 1
4 7 6
4 8 1
4 8 2
4 8 4
5 0 1
5 0 6
5 0 7
5 1 4
5 1 5
5 1 7
5 1 8
5 2 4
5 2 5
5 2 6
5 3 1
5 3 6
5 4 0
5 4 8
5 5 0
5 5 1
5 5 5
5 5 6
5 5 7
5 5 8
5 6 0
5 6 1
5 6 7
5 6 8
5 7 0
5 7 4
5 7 6
5 7 7
5 7 8
5 8 1
5 8 6
5 8 8
6 0 7
6 1 0
6 1 1
6 1 7
6 2 0
6 2 7
6 3 2
6 3 7
6 4 0
6 4 1
6 4 7
6 5 1
6 5 2
6 5 7
6 5 8
6 6 2
6 6 7
6 7 0
6 8 1
6 8 7
7 0 0
7 0 3
7 2 0
7 3 3
7 4 0
7 4 3
7 5 0
7 7 3
8 0 1
8 0 8
8 1 1
8 2 1
8 2 3
8 3 1
8 4 8
8 5 8
8 6 3
8 7 1
8 7 3
8 7 8
8 8 3
