11 215
0 0 0
0 0 5
0 0 8
0 1 4
0 1 5
0 1 10
0 2 4
0 2 5
0 3 0
0 3 4
0 3 6
0 3 8
0 3 10
0 4 0
0 4 1
0 4 5
0 4 10
0 5 0
0 5 1
0 5 4
0 5 5
0 5 6
0 5 10
0 6 1
0 6 6
0 6 8
0 7 5
0 7 6
0 7 8
0 8 0
0 8 5
0 8 6
0 8 10
0 9 0
0 9 4
0 9 6
0 9 10
0 10 4
0 10 8
1 0 2
1 0 8
1 1 2
1 1 4
1 1 8
1 2 2
1 2 7
1 3 4
1 3 7
1 3 8
1 4 2
1 4 4
1 5 2
1 5 4
1 5 8
1 6 7
1 6 8
1 7 2
1 7 4
1 7 7
1 8 4
1 8 7
1 8 8
1 9 2
1 9 4
1 9 7
1 10 2
1 10 4
1 10 8
2 0 0
2 0 7
2 0 8
2 1 0
2 1 7
2 2 7
2 3 8
2 4 0
2 5 8
2 6 8
2 7 0
2 7 8
2 9 0
2 9 7
2 10 0
2 10 7
3 0 3
3 1 3
3 2 7
3 4 3
3 4 7
3 5 3
3 5 7
3 6 7
3 8 7
3 9 7
4 4 7
4 6 7
4 7 7
4 10 7
5 0 7
5 1 1
5 1 8
5 2 7
5 3 1
5 3 7
5 3 8
5 4 1
5 4 8
5 6 1
5 7 8
5 8 1
5 8 7
5 9 1
5 9 8
5 10 8
6 0 3
6 1 7
6 2 3
6 2 7
6 3 8
6 4 8
6 6 3
6 6 7
6 6 8
6 7 3
6 7 7
6 7 8
6 9 8
6 10 3
6 10 8
7 0 3
7 0 4
7 0 8
7 1 4
7 1 8
7 1 10
7 2 4
7 2 8
7 2 10
7 3 8
7 4 4
7 4 8
7 4 10
7 5 1
7 5 3
7 5 10
7 6 1
7 6 3
7 6 4
7 6 8
7 8 3
7 8 8
7 8 10
7 9 3
7 9 10
7 10 1
7 10 3
7 10 4
7 10 10
8 0 0
8 0 6
8 0 10
8 1 0
8 1 6
8 1 10
8 2 2
8 2 6
8 3 0
8 3 2
8 3 6
8 4 2
8 4 6
8 5 1
8 5 2
8 5 10
8 6 2
8 7 1
8 7 2
8 7 6
8 7 10
8 8 1
8 8 2
8 8 6
8 10 10
9 0 3
9 1 3
9 3 3
9 4 3
9 4 7
9 5 7
9 6 3
9 8 7
9 9 7
9 10 3
9 10 7
10 0 3
10 0 9
10 1 7
10 1 9
10 1 10
10 2 3
10 2 8
10 2 9
10 2 10
10 3 7
10 3 10
10 4 3
10 4 10
10 6 3
10 6 8
10 6 10
10 7 8
10 8 7
10 8 9
10 9 3
10 9 9
