13 416
0 0 7
0 0 12
0 1 7
0 1 12
0 2 7
0 3 12
0 5 12
0 7 7
0 8 7
0 10 7
0 11 12
0 12 7
0 12 12
1 0 7
1 0 12
1 1 7
1 2 7
1 2 11
1 2 12
1 4 7
1 4 11
1 6 7
1 6 11
1 6 12
1 7 7
1 7 11
1 8 7
1 9 7
1 9 12
1 10 7
1 10 11
1 10 12
1 11 7
1 11 12
1 12 11
1 12 12
2 0 7
2 0 11
2 2 7
2 2 11
2 3 7
2 4 7
2 6 7
2 7 7
2 7 11
2 9 7
2 10 7
2 10 11
2 11 7
3 0 10
3 0 12
3 1 7
3 1 12
3 2 7
3 3 6
3 3 7
3 4 7
3 4 12
3 5 6
3 5 12
3 6 7
3 7 10
3 8 12
3 9 6
3 9 7
3 9 12
3 10 6
3 10 7
3 11 6
3 11 7
3 11 10
3 12 10
3 12 12
4 0 7
4 0 8
4 0 9
4 0 11
4 1 4
4 1 10
4 1 11
4 2 1
4 2 7
4 2 11
4 3 1
4 3 4
4 3 8
4 3 11
4 4 1
4 4 4
4 5 4
4 5 7
4 5 10
4 5 11
4 6 1
4 6 10
4 6 11
4 7 1
4 7 7
4 7 8
4 7 9
4 7 10
4 7 11
4 8 1
4 8 8
4 8 10
4 8 11
4 9 4
4 9 9
4 10 4
4 10 8
4 10 9
4 10 10
4 11 1
4 11 8
4 11 9
4 11 10
4 11 11
4 12 1
4 12 4
4 12 7
4 12 8
4 12 9
5 0 1
5 0 7
5 0 8
5 0 11
5 1 4
5 1 9
5 1 11
5 2 6
5 3 1
5 3 2
5 3 4
5 3 7
5 3 11
5 4 1
5 4 4
5 4 8
5 4 9
5 4 11
5 5 1
5 5 2
5 5 7
5 5 8
5 6 8
5 6 11
5 7 1
5 7 2
5 7 4
5 7 7
5 8 1
5 8 2
5 8 4
5 8 7
5 8 8
5 8 9
5 9 1
5 9 2
5 9 4
5 9 7
5 9 8
5 10 1
5 10 4
5 10 6
5 10 8
5 10 11
5 12 2
5 12 7
5 12 11
6 0 8
6 0 11
6 0 12
6 1 5
6 1 11
6 2 1
6 2 8
6 2 9
6 3 1
6 4 8
6 4 12
6 5 5
6 5 8
6 5 9
6 5 11
6 5 12
6 6 1
6 6 2
6 6 5
6 7 1
6 7 5
6 7 8
6 7 11
6 7 12
6 8 2
6 8 8
6 9 2
6 9 9
6 9 11
6 9 12
6 10 5
6 10 8
6 10 11
6 10 12
6 11 2
6 11 5
6 12 1
6 12 5
6 12 9
6 12 11
6 12 12
7 0 7
7 0 12
7 1 12
7 2 7
7 2 12
7 4 7
7 4 12
7 5 7
7 6 7
7 7 7
7 7 12
7 9 7
7 9 12
7 11 7
7 11 12
7 12 7
8 0 7
8 0 12
8 1 7
8 2 8
8 2 12
8 4 7
8 4 12
8 6 7
8 6 8
8 6 12
8 7 8
8 7 12
8 8 8
8 8 12
8 9 8
8 10 7
8 10 8
8 10 12
8 11 7
8 11 8
8 11 12
8 12 8
8 12 12
9 0 3
9 0 7
9 1 4
9 1 8
9 2 4
9 2 8
9 2 9
9 3 8
9 3 9
9 4 1
9 4 8
9 5 1
9 5 4
9 5 7
9 5 8
9 5 9
9 6 3
9 6 4
9 6 7
9 7 1
9 7 3
9 7 4
9 7 7
9 7 9
9 8 3
9 8 7
9 8 9
9 9 1
9 9 4
9 10 3
9 10 4
9 10 8
9 11 7
9 12 1
9 12 4
9 12 9
10 0 1
10 0 2
10 0 3
10 0 4
10 0 6
10 0 11
10 0 12
10 1 3
10 1 11
10 1 12
10 2 2
10 2 11
10 2 12
10 3 1
10 3 2
10 3 4
10 3 11
10 4 2
10 4 3
10 4 6
10 4 11
10 5 1
10 5 2
10 5 3
10 5 4
10 5 6
10 5 11
10 5 12
10 6 2
10 6 6
10 6 12
10 7 4
10 7 11
10 7 12
10 8 1
10 8 3
10 8 6
10 9 2
10 9 3
10 9 4
10 9 11
10 10 3
10 10 4
10 10 6
10 10 12
10 11 1
10 11 2
10 11 6
10 11 11
10 11 12
10 12 1
10 12 6
11 0 0
11 0 2
11 0 3
11 0 7
11 0 8
11 0 9
11 0 12
11 1 0
11 1 2
11 1 8
11 1 9
11 1 12
11 2 0
11 2 3
11 2 7
11 2 9
11 2 12
11 3 7
11 3 9
11 4 7
11 4 8
11 4 9
11 5 0
11 5 3
11 5 12
11 6 3
11 6 7
11 6 9
11 6 12
11 7 2
11 7 3
11 7 8
11 7 9
11 8 2
11 8 3
11 8 8
11 8 9
11 9 0
11 9 2
11 9 9
11 10 0
11 10 2
11 10 3
11 10 7
11 11 2
11 11 3
11 11 9
11 11 12
11 12 0
11 12 8
11 12 12
12 0 0
12 0 7
12 1 7
12 1 12
12 2 7
12 2 11
12 3 7
12 3 11
12 3 12
12 4 7
12 4 11
12 5 0
12 6 7
12 7 0
12 7 7
12 8 7
12 8 11
12 8 12
12 9 0
12 9 11
12 10 0
12 10 7
12 10 11
12 11 7
12 11 11
12 12 7
12 12 11
12 12 12
