16 889
0 0 4
0 0 10
0 0 14
0 1 4
0 1 10
0 2 10
0 3 10
0 3 14
0 5 4
0 5 14
0 6 14
0 7 4
0 7 10
0 8 4
0 8 10
0 9 14
0 10 4
0 10 10
0 11 10
0 12 4
0 12 14
0 13 10
0 13 14
0 14 14
0 15 14
1 0 0
1 0 1
1 0 4
1 0 13
1 1 1
1 1 6
1 1 7
1 1 8
1 1 9
1 1 14
1 1 15
1 2 0
1 2 2
1 2 4
1 2 7
1 2 8
1 2 9
1 2 11
1 2 14
1 2 15
1 3 0
1 3 1
1 3 2
1 3 6
1 3 7
1 3 8
1 3 14
1 3 15
1 4 1
1 4 7
1 4 9
1 4 11
1 4 14
1 5 0
1 5 1
1 5 4
1 5 7
1 5 8
1 5 9
1 5 15
1 6 0
1 6 1
1 6 4
1 6 8
1 6 14
1 6 15
1 7 4
1 7 6
1 7 8
1 7 11
1 7 13
1 7 14
1 8 1
1 8 2
1 8 4
1 8 6
1 8 7
1 8 15
1 9 1
1 9 4
1 9 6
1 9 7
1 9 8
1 9 11
1 9 13
1 9 14
1 9 15
1 10 2
1 10 4
1 10 6
1 10 8
1 10 14
1 11 1
1 11 2
1 11 4
1 11 7
1 11 8
1 11 14
1 12 0
1 12 1
1 12 2
1 12 6
1 12 7
1 12 8
1 12 9
1 13 2
1 13 4
1 13 6
1 13 9
1 13 11
1 13 13
1 14 1
1 14 2
1 14 4
1 14 8
1 14 11
1 14 13
1 15 0
1 15 1
1 15 4
1 15 6
1 15 8
1 15 9
1 15 11
2 0 11
2 0 13
2 0 14
2 0 15
2 1 14
2 1 15
2 2 11
2 2 14
2 3 13
2 3 14
2 4 11
2 4 13
2 4 14
2 4 15
2 5 14
2 6 13
2 6 15
2 7 11
2 7 13
2 7 15
2 8 11
2 8 14
2 10 13
2 10 14
2 10 15
2 11 11
2 12 13
2 12 14
2 12 15
2 13 11
2 13 13
2 13 14
2 13 15
2 14 13
2 14 14
2 14 15
2 15 11
3 0 0
3 0 1
3 0 9
3 0 14
3 0 15
3 1 0
3 1 8
3 1 9
3 2 0
3 2 5
3 2 14
3 2 15
3 3 14
3 3 15
3 4 0
3 4 1
3 4 5
3 4 8
3 4 9
3 5 0
3 5 1
3 5 6
3 5 9
3 5 15
3 6 1
3 6 5
3 6 9
3 6 14
3 7 1
3 7 5
3 7 9
3 8 0
3 8 8
3 8 14
3 8 15
3 9 1
3 9 5
3 9 6
3 9 8
3 9 9
3 9 15
3 10 5
3 10 6
3 10 9
3 10 15
3 11 0
3 11 6
3 11 9
3 12 0
3 12 1
3 12 8
3 12 9
3 12 14
3 12 15
3 13 5
3 13 8
3 13 14
3 13 15
3 14 5
3 14 6
3 14 8
3 14 9
3 14 14
3 15 14
3 15 15
4 0 2
4 0 3
4 0 11
4 0 15
4 1 1
4 1 2
4 1 3
4 1 4
4 1 5
4 1 15
4 2 3
4 2 5
4 2 6
4 2 8
4 2 11
4 2 15
4 3 1
4 3 12
4 3 15
4 4 3
4 4 4
4 4 6
4 4 8
4 4 11
4 4 15
4 5 1
4 5 2
4 5 3
4 5 8
4 6 4
4 6 6
4 6 12
4 6 13
4 7 1
4 7 3
4 7 4
4 7 11
4 7 12
4 7 13
4 8 2
4 8 3
4 8 13
4 8 15
4 9 1
4 9 2
4 9 3
4 9 4
4 9 6
4 9 8
4 9 11
4 9 12
4 10 2
4 10 4
4 10 6
4 10 8
4 10 13
4 11 4
4 11 5
4 11 6
4 11 8
4 11 11
4 12 1
4 12 2
4 12 5
4 12 6
4 12 11
4 13 3
4 13 5
4 13 8
4 13 11
4 13 12
4 13 13
4 14 4
4 14 8
4 14 11
4 14 12
4 14 15
4 15 1
4 15 2
4 15 5
4 15 6
4 15 11
4 15 13
4 15 15
5 0 2
5 0 14
5 1 2
5 1 14
5 2 12
5 3 2
5 3 11
5 3 12
5 4 11
5 4 12
5 5 2
5 5 11
5 5 14
5 6 2
5 6 12
5 6 14
5 7 11
5 7 14
5 8 2
5 8 11
5 8 12
5 9 2
5 10 11
5 11 2
5 13 2
5 13 11
5 13 12
5 14 11
5 14 12
5 14 14
5 15 11
5 15 14
6 0 0
6 0 3
6 0 9
6 1 0
6 1 3
6 1 8
6 1 14
6 1 15
6 2 3
6 2 9
6 2 14
6 3 0
6 3 2
6 3 3
6 3 9
6 3 14
6 3 15
6 4 0
6 4 2
6 4 8
6 4 9
6 5 2
6 5 3
6 5 8
6 5 14
6 5 15
6 6 0
6 6 3
6 6 9
6 6 15
6 7 0
6 7 2
6 7 3
6 7 15
6 8 2
6 8 14
6 9 0
6 9 3
6 9 8
6 9 14
6 9 15
6 10 0
6 10 2
6 10 8
6 10 9
6 10 14
6 11 0
6 11 3
6 11 8
6 12 0
6 12 3
6 12 9
6 12 14
6 12 15
6 13 2
6 13 3
6 13 8
6 13 9
6 13 14
6 13 15
6 14 2
6 14 3
6 14 14
6 15 0
6 15 3
6 15 8
6 15 9
6 15 14
6 15 15
7 0 2
7 0 11
7 0 14
7 1 13
7 1 14
7 1 15
7 2 4
7 2 14
7 2 15
7 3 13
7 3 14
7 4 14
7 5 2
7 6 13
7 6 14
7 7 13
7 7 14
7 8 2
7 8 11
7 8 15
7 9 4
7 9 11
7 9 13
7 9 14
7 10 4
7 10 11
7 10 13
7 10 15
7 11 11
7 11 14
7 11 15
7 12 2
7 12 4
7 12 14
7 13 2
7 13 11
7 13 14
7 13 15
7 14 4
7 14 13
7 14 15
7 15 2
7 15 4
7 15 13
8 0 0
8 0 1
8 0 2
8 0 9
8 0 12
8 0 14
8 0 15
8 1 0
8 1 1
8 1 9
8 2 7
8 2 9
8 2 14
8 2 15
8 3 0
8 3 1
8 3 2
8 3 14
8 3 15
8 4 0
8 4 7
8 4 9
8 4 14
8 5 7
8 5 9
8 5 12
8 5 14
8 6 0
8 7 0
8 7 1
8 7 2
8 7 9
8 7 15
8 8 0
8 8 9
8 8 12
8 8 14
8 8 15
8 9 0
8 9 7
8 9 12
8 9 14
8 9 15
8 10 0
8 10 9
8 10 12
8 10 15
8 11 0
8 11 1
8 11 2
8 11 9
8 11 12
8 11 15
8 12 0
8 12 1
8 12 2
8 12 7
8 13 1
8 13 2
8 13 12
8 13 15
8 14 7
8 14 12
8 15 7
8 15 12
9 0 4
9 0 11
9 0 15
9 1 4
9 1 14
9 2 2
9 2 4
9 2 11
9 2 14
9 3 2
9 3 4
9 3 14
9 3 15
9 4 4
9 4 11
9 4 14
9 5 2
9 5 4
9 6 2
9 6 15
9 7 11
9 8 2
9 8 15
9 9 4
9 9 11
9 9 14
9 10 2
9 10 14
9 11 2
9 11 11
9 12 2
9 12 4
9 12 11
9 12 14
9 12 15
9 13 4
9 13 14
9 13 15
9 14 2
9 14 4
9 14 14
9 15 2
9 15 4
9 15 11
9 15 14
9 15 15
10 0 2
10 1 2
10 2 11
10 2 14
10 3 11
10 3 13
10 4 11
10 5 13
10 5 14
10 6 2
10 6 11
10 6 14
10 7 2
10 7 14
10 8 11
10 8 14
10 9 2
10 9 11
10 9 13
10 9 14
10 10 2
10 10 11
10 10 13
10 11 2
10 11 14
10 12 13
10 13 11
10 14 11
10 14 14
10 15 11
10 15 13
11 0 2
11 0 4
11 0 12
11 0 14
11 1 2
11 1 4
11 1 14
11 1 15
11 2 4
11 2 12
11 2 14
11 2 15
11 3 2
11 3 14
11 4 2
11 4 4
11 4 12
11 4 13
11 4 14
11 4 15
11 5 2
11 5 14
11 5 15
11 6 4
11 6 12
11 6 14
11 7 13
11 7 14
11 8 2
11 8 12
11 8 13
11 8 14
11 8 15
11 9 2
11 9 13
11 9 15
11 10 2
11 10 4
11 11 2
11 11 4
11 11 14
11 11 15
11 12 12
11 13 4
11 13 15
11 14 4
11 14 12
11 14 15
11 15 4
11 15 13
11 15 14
12 0 3
12 0 4
12 0 5
12 1 4
12 1 5
12 1 8
12 2 4
12 2 5
12 2 6
12 2 12
12 2 14
12 3 4
12 3 13
12 4 1
12 4 3
12 4 4
12 4 8
12 4 12
12 4 13
12 5 1
12 5 6
12 5 8
12 5 13
12 6 3
12 6 6
12 6 8
12 6 12
12 6 13
12 7 6
12 7 8
12 7 12
12 8 1
12 8 3
12 8 4
12 8 12
12 8 13
12 8 14
12 9 1
12 9 4
12 9 6
12 9 8
12 10 4
12 10 5
12 10 8
12 10 14
12 11 1
12 11 5
12 11 6
12 11 8
12 11 12
12 11 14
12 12 5
12 12 6
12 12 12
12 12 14
12 13 3
12 13 4
12 13 5
12 13 13
12 13 14
12 14 4
12 14 8
12 14 12
12 15 3
12 15 4
12 15 12
12 15 13
13 0 7
13 0 8
13 0 14
13 1 1
13 1 7
13 1 8
13 1 14
13 1 15
13 2 2
13 2 8
13 2 9
13 2 11
13 3 0
13 3 8
13 3 9
13 3 11
13 3 14
13 4 11
13 4 15
13 5 8
13 5 11
13 6 2
13 6 7
13 6 8
13 6 11
13 6 14
13 7 0
13 7 1
13 7 2
13 7 8
13 7 15
13 8 2
13 8 8
13 9 0
13 9 8
13 9 11
13 10 0
13 10 8
13 10 15
13 11 0
13 11 1
13 11 2
13 11 8
13 11 14
13 11 15
13 12 0
13 12 2
13 12 8
13 12 9
13 12 11
13 12 14
13 12 15
13 13 0
13 13 1
13 13 7
13 14 0
13 14 1
13 14 2
13 14 9
13 14 11
13 14 14
13 14 15
13 15 0
13 15 1
13 15 2
13 15 7
13 15 9
13 15 14
14 0 4
14 0 7
14 0 12
14 1 0
14 1 3
14 1 10
14 1 14
14 1 15
14 2 0
14 2 3
14 2 4
14 2 15
14 3 0
14 3 4
14 3 7
14 3 10
14 3 15
14 4 0
14 4 3
14 4 10
14 4 14
14 5 0
14 5 12
14 5 15
14 6 0
14 6 10
14 6 12
14 6 14
14 7 3
14 7 4
14 7 7
14 7 10
14 7 12
14 7 14
14 7 15
14 8 4
14 8 7
14 8 10
14 8 12
14 8 15
14 9 4
14 9 7
14 9 10
14 9 12
14 9 14
14 10 0
14 10 4
14 10 10
14 10 12
14 11 4
14 11 7
14 11 10
14 11 12
14 11 14
14 11 15
14 12 3
14 12 10
14 12 14
14 13 3
14 13 7
14 13 10
14 13 14
14 13 15
14 14 3
14 14 4
14 14 12
14 14 15
14 15 0
14 15 4
14 15 7
14 15 15
15 0 14
15 1 2
15 1 11
15 1 15
15 2 2
15 2 11
15 3 11
15 3 14
15 3 15
15 4 15
15 5 2
15 6 2
15 6 15
15 7 15
15 8 2
15 8 11
15 8 14
15 9 2
15 9 14
15 9 15
15 10 11
15 10 14
15 10 15
15 12 14
15 12 15
15 13 2
15 13 15
15 14 2
15 14 11
15 15 2
