16 809
0 0 5
0 0 7
0 0 10
0 0 11
0 1 0
0 1 9
0 1 10
0 2 10
0 2 11
0 3 0
0 3 4
0 3 7
0 3 10
0 3 11
0 4 3
0 4 4
0 4 7
0 4 10
0 5 0
0 5 3
0 5 4
0 5 5
0 5 7
0 5 10
0 6 3
0 6 5
0 6 7
0 7 0
0 7 4
0 7 10
0 7 11
0 8 0
0 8 7
0 8 9
0 9 0
0 9 4
0 9 7
0 9 10
0 9 11
0 10 0
0 10 3
0 10 4
0 10 7
0 10 10
0 10 11
0 11 0
0 11 3
0 11 7
0 11 9
0 12 0
0 12 7
0 12 10
0 13 3
0 13 7
0 13 9
0 13 11
0 14 3
0 14 4
0 14 5
0 14 7
0 14 10
0 14 11
0 15 0
0 15 3
0 15 4
0 15 5
0 15 10
1 0 8
1 0 14
1 1 7
1 1 14
1 1 15
1 2 0
1 2 7
1 2 15
1 3 0
1 3 8
1 3 14
1 4 0
1 4 8
1 5 8
1 5 15
1 6 8
1 6 10
1 6 14
1 6 15
1 7 10
1 7 14
1 8 0
1 8 7
1 8 8
1 8 10
1 9 8
1 9 10
1 9 14
1 10 7
1 10 15
1 11 0
1 11 8
1 11 10
1 12 0
1 12 8
1 12 14
1 13 7
1 13 8
1 13 15
1 14 10
1 14 15
1 15 8
1 15 10
1 15 15
2 0 3
2 0 4
2 0 9
2 1 1
2 1 3
2 1 4
2 1 13
2 2 1
2 2 4
2 2 13
2 2 15
2 3 9
2 3 15
2 4 1
2 4 3
2 4 4
2 4 9
2 5 1
2 5 3
2 5 4
2 5 9
2 5 13
2 5 15
2 6 1
2 6 9
2 7 15
2 8 1
2 8 3
2 8 4
2 8 15
2 9 1
2 9 3
2 9 4
2 9 9
2 10 3
2 10 4
2 10 9
2 10 11
2 11 3
2 11 9
2 11 11
2 11 13
2 12 3
2 12 15
2 13 4
2 13 11
2 13 13
2 14 4
2 14 9
2 14 11
2 14 13
2 15 3
2 15 9
2 15 13
2 15 15
3 0 0
3 0 3
3 0 8
3 0 10
3 0 15
3 1 7
3 1 15
3 2 0
3 2 14
3 2 15
3 3 0
3 3 3
3 3 7
3 3 8
3 3 14
3 4 0
3 4 3
3 4 8
3 5 0
3 5 7
3 5 10
3 6 3
3 6 15
3 7 3
3 7 14
3 8 8
3 8 14
3 8 15
3 9 3
3 9 15
3 10 3
3 10 7
3 10 8
3 10 15
3 11 14
3 11 15
3 12 8
3 12 10
3 12 14
3 12 15
3 13 7
3 13 10
3 13 14
3 13 15
3 14 3
3 14 14
3 15 0
3 15 8
3 15 10
4 0 8
4 0 10
4 0 12
4 0 15
4 1 1
4 1 5
4 2 5
4 2 8
4 2 10
4 2 13
4 3 8
4 3 12
4 3 13
4 4 8
4 4 14
4 4 15
4 5 1
4 5 10
4 5 12
4 5 13
4 5 14
4 5 15
4 6 1
4 6 5
4 6 8
4 6 12
4 6 13
4 7 10
4 7 13
4 7 15
4 8 5
4 8 10
4 8 15
4 9 1
4 9 10
4 9 12
4 9 15
4 10 1
4 10 5
4 10 8
4 10 13
4 10 14
4 10 15
4 11 1
4 11 8
4 11 10
4 11 13
4 11 14
4 12 1
4 12 8
4 12 12
4 12 14
4 12 15
4 13 1
4 13 14
4 13 15
4 14 8
4 14 10
4 14 13
4 14 15
4 15 1
4 15 8
4 15 10
4 15 12
4 15 13
5 0 0
5 0 5
5 1 0
5 1 1
5 1 4
5 1 5
5 2 0
5 2 3
5 2 4
5 2 15
5 3 3
5 3 4
5 3 5
5 3 13
5 3 15
5 4 1
5 4 5
5 4 13
5 5 0
5 5 1
5 5 3
5 5 5
5 5 13
5 5 15
5 7 3
5 7 13
5 8 0
5 8 1
5 8 3
5 8 4
5 8 6
5 8 13
5 9 1
5 9 3
5 9 5
5 9 13
5 9 15
5 10 0
5 10 3
5 10 4
5 10 5
5 10 6
5 10 15
5 11 1
5 11 3
5 11 4
5 11 13
5 11 15
5 12 3
5 12 5
5 12 13
5 13 0
5 13 3
5 13 4
5 13 6
5 14 1
5 14 3
5 14 4
5 14 5
5 14 6
5 14 13
5 14 15
5 15 4
5 15 5
5 15 6
5 15 13
6 0 7
6 0 10
6 1 7
6 2 0
6 2 7
6 3 10
6 4 0
6 4 7
6 5 0
6 6 0
6 6 10
6 7 0
6 7 10
6 8 10
6 10 10
6 11 7
6 11 10
6 13 0
6 14 7
6 15 7
6 15 10
7 0 3
7 0 7
7 0 10
7 1 0
7 1 3
7 1 7
7 1 10
7 2 0
7 2 3
7 2 7
7 2 14
7 3 10
7 4 0
7 4 3
7 4 14
7 5 0
7 6 0
7 6 3
7 7 3
7 7 7
7 7 10
7 8 3
7 8 7
7 8 10
7 9 0
7 9 10
7 10 0
7 10 3
7 10 10
7 10 14
7 11 3
7 11 14
7 12 0
7 12 3
7 12 7
7 12 14
7 13 0
7 13 10
7 13 14
7 14 0
7 14 3
7 14 7
7 14 10
7 15 3
7 15 7
7 15 10
8 0 3
8 0 8
8 0 15
8 1 0
8 1 15
8 2 8
8 2 14
8 2 15
8 4 0
8 4 3
8 4 14
8 4 15
8 5 0
8 5 8
8 5 14
8 6 3
8 6 15
8 7 0
8 7 3
8 7 15
8 8 3
8 8 14
8 8 15
8 9 0
8 9 14
8 9 15
8 11 15
8 12 0
8 12 3
8 12 15
8 13 0
8 13 8
8 13 14
8 14 0
8 14 14
8 15 0
8 15 3
8 15 8
8 15 14
9 0 2
9 0 8
9 0 10
9 1 1
9 1 8
9 1 12
9 1 14
9 2 0
9 2 2
9 2 8
9 2 10
9 3 0
9 3 8
9 3 12
9 3 14
9 4 0
9 4 1
9 4 8
9 4 10
9 4 12
9 6 0
9 6 1
9 6 12
9 6 14
9 7 0
9 7 1
9 7 2
9 7 12
9 8 8
9 9 0
9 9 1
9 9 10
9 10 0
9 10 8
9 11 1
9 11 8
9 12 0
9 12 1
9 12 8
9 12 14
9 13 0
9 13 1
9 13 8
9 13 14
9 14 1
9 14 8
9 15 1
9 15 2
9 15 10
9 15 12
9 15 14
10 0 7
10 0 8
10 0 11
10 0 12
10 1 1
10 1 12
10 1 15
10 2 2
10 2 10
10 2 11
10 2 13
10 3 7
10 3 8
10 3 10
10 3 11
10 3 12
10 4 1
10 4 2
10 4 3
10 4 4
10 4 7
10 4 8
10 4 12
10 4 15
10 5 4
10 5 10
10 5 11
10 6 2
10 6 3
10 6 7
10 6 11
10 6 15
10 7 1
10 7 8
10 7 12
10 7 13
10 7 15
10 8 1
10 8 4
10 8 7
10 8 8
10 8 12
10 8 15
10 9 1
10 9 2
10 9 3
10 9 4
10 9 8
10 9 15
10 10 1
10 10 2
10 10 3
10 10 4
10 10 7
10 10 8
10 10 10
10 10 12
10 10 15
10 11 2
10 11 4
10 11 8
10 11 10
10 11 12
10 11 15
10 12 1
10 12 4
10 12 7
10 12 8
10 12 10
10 12 11
10 12 12
10 13 2
10 13 4
10 13 7
10 13 10
10 13 11
10 13 12
10 14 2
10 14 3
10 14 7
10 14 8
10 14 10
10 14 12
10 14 15
10 15 2
10 15 3
10 15 4
10 15 7
10 15 10
10 15 11
10 15 12
10 15 13
11 0 2
11 0 4
11 0 5
11 0 7
11 0 8
11 1 6
11 1 7
11 1 10
11 2 5
11 2 6
11 2 7
11 2 8
11 2 10
11 2 12
11 3 5
11 3 8
11 3 12
11 4 2
11 4 5
11 4 6
11 4 7
11 4 8
11 5 5
11 5 10
11 5 12
11 6 2
11 6 4
11 6 5
11 6 7
11 6 8
11 7 4
11 7 5
11 7 6
11 8 4
11 8 5
11 8 7
11 8 12
11 9 2
11 9 4
11 9 7
11 10 4
11 10 6
11 10 12
11 11 5
11 11 12
11 12 2
11 12 6
11 12 12
11 13 4
11 13 7
11 13 8
11 14 4
11 14 6
11 14 8
11 14 10
11 14 12
11 15 2
11 15 6
11 15 7
11 15 8
11 15 10
11 15 12
12 0 0
12 0 3
12 0 10
12 1 0
12 1 3
12 1 10
12 2 0
12 2 10
12 3 0
12 4 0
12 4 8
12 4 10
12 5 0
12 5 3
12 6 3
12 6 8
12 6 10
12 7 0
12 8 0
12 8 10
12 9 3
12 9 10
12 10 3
12 10 10
12 11 8
12 12 8
12 12 10
12 13 0
12 13 3
12 13 10
12 14 0
12 14 3
12 14 10
12 15 0
12 15 3
12 15 8
13 0 1
13 1 3
13 2 1
13 2 8
13 3 0
13 3 7
13 3 8
13 3 10
13 3 14
13 4 7
13 4 10
13 4 14
13 6 0
13 6 7
13 6 8
13 6 14
13 7 0
13 7 3
13 7 7
13 7 10
13 7 14
13 8 3
13 8 7
13 8 10
13 9 3
13 9 7
13 9 14
13 10 7
13 10 8
13 10 10
13 10 14
13 11 0
13 11 3
13 11 7
13 11 8
13 11 10
13 12 1
13 12 10
13 13 0
13 13 3
13 13 7
13 13 14
13 14 0
13 14 1
13 14 8
13 14 14
13 15 1
13 15 3
13 15 10
14 0 14
14 0 15
14 1 0
14 1 3
14 1 15
14 2 0
14 2 14
14 3 3
14 3 15
14 4 3
14 4 14
14 5 14
14 5 15
14 6 15
14 8 0
14 8 3
14 8 15
14 9 0
14 9 15
14 10 3
14 10 14
14 10 15
14 11 0
14 11 15
14 12 0
14 12 3
14 12 14
14 12 15
14 13 0
14 13 15
14 14 14
14 14 15
14 15 0
14 15 14
15 0 2
15 0 12
15 1 10
15 2 10
15 3 2
15 3 10
15 4 4
15 4 5
15 5 4
15 5 5
15 5 8
15 6 2
15 7 2
15 7 8
15 7 10
15 7 12
15 8 8
15 8 12
15 9 8
15 9 10
15 10 5
15 11 2
15 11 5
15 11 8
15 11 10
15 12 8
15 13 2
15 14 2
15 14 5
15 14 10
15 14 12
15 15 2
15 15 5
