9 152
0 0 8
0 1 4
0 1 5
0 2 4
0 2 5
0 2 8
0 3 4
0 3 7
0 3 8
0 4 4
0 4 5
0 4 7
0 5 4
0 5 5
0 5 7
0 5 8
0 6 4
0 6 5
0 6 8
0 7 5
0 7 7
0 8 4
0 8 5
0 8 8
1 0 3
1 0 5
1 0 6
1 0 8
1 1 1
1 1 5
1 2 1
1 2 3
1 2 6
1 3 3
1 3 5
1 3 7
1 4 3
1 4 8
1 5 5
1 5 6
1 5 7
1 6 3
1 6 6
1 6 7
1 7 1
1 7 3
1 7 5
1 7 8
1 8 6
2 0 2
2 1 0
2 1 2
2 1 3
2 1 6
2 2 0
2 2 2
2 3 0
2 3 1
2 3 2
2 3 6
2 4 2
2 4 3
2 5 2
2 6 1
2 6 2
2 6 3
2 6 6
2 7 0
2 7 3
2 7 6
2 8 2
2 8 6
3 0 1
3 0 7
3 1 3
3 2 1
3 2 3
3 3 1
3 3 3
3 4 1
3 4 7
3 5 1
3 5 7
3 6 1
3 6 3
3 7 3
3 7 7
3 8 1
3 8 3
3 8 7
4 0 3
4 0 7
4 1 3
4 1 7
4 2 3
4 3 7
4 4 3
4 5 7
4 7 7
4 8 7
5 0 0
5 1 6
5 2 0
5 2 5
5 3 0
5 4 0
5 5 5
5 6 0
5 6 5
5 7 6
5 8 0
5 8 6
6 0 3
6 1 7
6 2 1
6 2 7
6 3 3
6 4 1
6 4 3
6 5 1
6 5 7
6 6 1
6 6 3
6 6 7
6 7 7
6 8 3
6 8 7
7 0 7
7 1 7
7 2 4
7 4 7
7 5 3
7 5 7
7 6 3
7 6 4
7 7 4
8 0 5
8 1 2
8 1 4
8 1 5
8 2 2
8 3 2
8 3 5
8 4 4
8 5 4
8 5 5
8 6 2
8 7 2
8 7 5
8 7 6
8 8 2
8 8 6
