14 488
0 0 0
0 0 3
0 0 4
0 0 6
0 0 10
0 1 0
0 1 4
0 2 0
0 3 0
0 3 6
0 3 10
0 4 6
0 4 10
0 5 3
0 5 6
0 5 10
0 6 0
0 6 10
0 7 0
0 7 6
0 7 10
0 8 0
0 8 3
0 8 4
0 8 10
0 10 0
0 10 3
0 10 6
0 10 10
0 11 0
0 11 3
0 11 4
0 11 6
0 12 4
0 12 10
0 13 0
0 13 3
0 13 6
1 0 1
1 0 9
1 0 11
1 0 12
1 1 0
1 1 9
1 1 11
1 1 12
1 2 1
1 2 11
1 3 9
1 3 11
1 3 13
1 4 0
1 4 9
1 4 12
1 4 13
1 5 1
1 5 9
1 5 11
1 5 12
1 6 1
1 6 9
1 6 13
1 7 0
1 7 12
1 8 0
1 8 12
1 8 13
1 9 0
1 9 9
1 10 0
1 10 1
1 10 9
1 10 12
1 11 0
1 11 9
1 11 11
1 11 12
1 12 11
1 12 12
1 12 13
1 13 11
1 13 13
2 0 10
2 0 13
2 1 0
2 1 1
2 1 2
2 1 13
2 2 7
2 2 10
2 2 13
2 3 1
2 3 2
2 3 10
2 3 13
2 4 0
2 4 1
2 4 7
2 4 10
2 5 1
2 5 7
2 5 13
2 6 0
2 6 2
2 6 7
2 7 0
2 7 7
2 8 0
2 8 7
2 8 13
2 9 1
2 9 10
2 10 0
2 10 1
2 10 2
2 10 7
2 10 13
2 11 0
2 11 7
2 11 10
2 12 7
2 12 10
2 13 7
2 13 13
3 0 6
3 1 1
3 1 10
3 2 1
3 3 1
3 3 4
3 3 10
3 4 1
3 4 4
3 4 10
3 5 1
3 5 4
3 5 10
3 6 4
3 7 1
3 7 4
3 9 4
3 10 4
3 10 6
3 11 6
3 11 10
3 12 1
3 12 4
3 12 10
3 13 1
3 13 6
4 0 6
4 1 6
4 1 10
4 2 4
4 2 6
4 3 4
4 3 6
4 3 10
4 4 6
4 4 10
4 5 4
4 5 6
4 5 10
4 6 10
4 7 4
4 8 4
4 8 6
4 8 10
4 9 4
4 10 4
4 10 6
4 10 10
4 11 4
4 11 6
4 11 10
4 12 4
4 13 4
5 0 1
5 0 5
5 1 0
5 1 8
5 1 9
5 2 0
5 2 5
5 2 9
5 3 5
5 4 0
5 4 1
5 4 5
5 4 8
5 5 0
5 5 1
5 5 10
5 6 0
5 6 1
5 6 8
5 6 9
5 7 0
5 7 1
5 7 8
5 7 9
5 8 1
5 8 9
5 8 10
5 9 1
5 9 5
5 10 8
5 10 9
5 10 10
5 11 5
5 11 10
5 12 0
5 12 1
5 12 10
5 13 5
5 13 10
6 0 0
6 0 2
6 0 7
6 1 0
6 1 2
6 1 7
6 1 11
6 2 2
6 2 7
6 2 11
6 3 0
6 3 12
6 4 0
6 4 7
6 4 12
6 5 0
6 5 2
6 5 11
6 5 12
6 6 0
6 6 11
6 7 2
6 7 7
6 7 12
6 8 11
6 8 12
6 9 2
6 9 7
6 9 11
6 9 12
6 10 0
6 10 2
6 10 12
6 11 0
6 11 2
6 11 7
6 11 11
6 12 12
6 13 12
7 0 6
7 0 10
7 0 11
7 1 10
7 2 0
7 3 0
7 3 6
7 3 10
7 4 0
7 4 6
7 5 6
7 5 10
7 6 11
7 7 0
7 7 6
7 8 0
7 9 0
7 9 6
7 9 11
7 10 0
7 10 10
7 10 11
7 11 11
7 13 0
7 13 6
7 13 10
7 13 11
8 0 0
8 0 10
8 1 4
8 1 10
8 2 10
8 3 4
8 3 10
8 5 0
8 5 4
8 5 10
8 6 0
8 6 4
8 6 10
8 7 0
8 7 4
8 7 10
8 8 0
8 8 4
8 8 10
8 11 4
8 12 4
8 12 10
8 13 10
9 0 1
9 0 10
9 1 1
9 1 10
9 2 1
9 2 10
9 3 1
9 3 10
9 4 0
9 4 1
9 4 10
9 5 0
9 5 1
9 5 10
9 7 1
9 7 10
9 7 11
9 8 0
9 8 10
9 8 11
9 10 10
9 11 0
9 11 10
9 11 11
9 12 1
9 12 11
9 13 0
9 13 1
9 13 11
10 1 0
10 1 10
10 2 0
10 2 1
10 3 10
10 4 0
10 4 1
10 4 10
10 4 11
10 5 0
10 6 0
10 7 1
10 8 0
10 8 1
10 8 11
10 9 1
10 9 10
10 10 0
10 10 1
10 11 0
10 11 1
10 12 10
10 12 11
10 13 0
10 13 10
11 0 5
11 0 6
11 0 7
11 0 9
11 1 0
11 1 6
11 3 0
11 3 9
11 4 0
11 4 5
11 4 7
11 4 9
11 5 0
11 6 0
11 6 7
11 6 9
11 6 11
11 7 6
11 7 9
11 7 11
11 8 0
11 8 5
11 8 7
11 9 7
11 9 9
11 10 0
11 10 6
11 10 7
11 10 9
11 10 11
11 11 5
11 11 9
11 11 11
11 12 0
11 12 6
11 12 9
11 12 11
11 13 5
11 13 7
11 13 11
12 0 6
12 0 7
12 0 8
12 0 13
12 1 6
12 1 13
12 2 5
12 2 7
12 2 11
12 3 6
12 3 7
12 3 8
12 4 4
12 4 7
12 4 8
12 5 4
12 6 4
12 6 5
12 6 7
12 6 11
12 7 4
12 7 5
12 7 7
12 7 11
12 7 13
12 8 5
12 8 6
12 8 11
12 8 13
12 9 5
12 9 8
12 9 11
12 10 4
12 10 5
12 10 6
12 10 7
12 10 8
12 11 4
12 11 6
12 11 7
12 12 5
12 12 8
12 12 11
12 13 5
12 13 8
12 13 11
13 0 2
13 1 6
13 1 7
13 1 8
13 1 10
13 1 11
13 2 7
13 2 8
13 2 11
13 3 6
13 3 8
13 3 10
13 4 7
13 4 10
13 4 11
13 5 6
13 5 8
13 6 6
13 6 8
13 7 11
13 8 8
13 9 2
13 9 6
13 9 7
13 9 8
13 9 11
13 10 2
13 10 6
13 10 7
13 10 10
13 10 11
13 11 2
13 11 8
13 11 10
13 11 11
13 12 2
13 12 6
13 12 7
13 13 6
13 13 7
13 13 8
13 13 10
13 13 11
