9 164
0 0 2
0 1 0
0 2 0
0 2 2
0 2 6
0 4 0
0 4 2
0 5 2
0 5 6
0 6 0
0 7 0
1 0 1
1 0 3
1 0 7
1 0 8
1 1 1
1 1 2
1 1 5
1 1 6
1 1 7
1 1 8
1 2 5
1 2 6
1 3 1
1 3 2
1 3 5
1 3 6
1 3 8
1 4 1
1 4 3
1 4 5
1 4 6
1 4 7
1 5 0
1 5 1
1 5 2
1 5 5
1 5 6
1 6 2
1 6 5
1 6 6
1 6 7
1 7 1
1 7 2
1 7 5
1 8 0
1 8 2
1 8 3
1 8 7
2 0 2
2 0 4
2 0 5
2 1 1
2 1 8
2 2 1
2 2 2
2 2 8
2 3 2
2 3 5
2 4 2
2 4 5
2 4 8
2 5 2
2 5 4
2 5 5
2 5 8
2 6 1
2 6 3
2 6 4
2 6 5
2 7 4
2 7 5
2 7 8
2 8 2
2 8 5
3 0 3
3 0 8
3 1 2
3 1 7
3 2 2
3 2 3
3 2 7
3 3 2
3 3 3
3 3 7
3 3 8
3 4 7
3 4 8
3 5 8
3 6 3
3 7 2
3 7 3
3 7 7
3 7 8
3 8 2
3 8 7
3 8 8
4 0 0
4 0 4
4 1 0
4 2 0
4 2 4
4 3 0
4 3 6
4 4 0
4 6 0
4 6 4
4 8 0
4 8 4
5 0 0
5 0 6
5 1 6
5 2 0
5 3 4
5 4 0
5 5 6
5 6 0
5 7 0
5 8 4
6 0 1
6 0 4
6 0 6
6 0 7
6 1 4
6 1 7
6 2 1
6 2 4
6 2 5
6 2 6
6 2 8
6 3 5
6 4 1
6 4 5
6 4 6
6 4 7
6 5 1
6 5 5
6 6 5
6 6 6
6 7 5
6 7 7
6 8 1
6 8 4
6 8 6
6 8 7
6 8 8
7 0 0
7 0 6
7 1 6
7 3 6
7 5 0
7 5 6
7 6 6
7 7 6
8 0 1
8 0 8
8 1 8
8 2 1
8 3 1
8 4 1
8 5 8
8 6 1
8 7 1
8 8 1
