14 583
0 0 2
0 0 3
0 0 4
0 0 7
0 1 0
0 1 2
0 1 3
0 1 8
0 1 9
0 1 10
0 1 11
0 2 5
0 2 11
0 3 2
0 3 3
0 3 5
0 3 7
0 3 9
0 3 11
0 3 13
0 4 0
0 4 4
0 4 10
0 4 13
0 5 0
0 5 2
0 5 3
0 5 4
0 5 7
0 5 8
0 5 9
0 5 11
0 6 0
0 6 2
0 6 3
0 6 4
0 6 5
0 6 7
0 6 9
0 6 11
0 7 2
0 7 8
0 7 9
0 7 10
0 8 0
0 8 3
0 8 4
0 8 9
0 8 10
0 8 11
0 8 13
0 9 3
0 9 4
0 9 7
0 9 9
0 10 0
0 10 7
0 10 9
0 10 11
0 10 13
0 11 0
0 11 4
0 11 7
0 11 8
0 11 9
0 11 13
0 12 3
0 12 4
0 12 8
0 12 10
0 12 13
0 13 0
0 13 2
0 13 3
0 13 5
0 13 8
0 13 9
0 13 11
0 13 13
1 0 8
1 0 9
1 1 0
1 1 8
1 1 9
1 2 1
1 3 1
1 3 2
1 3 8
1 3 9
1 4 0
1 4 1
1 4 9
1 5 1
1 5 8
1 5 9
1 6 2
1 7 0
1 8 0
1 8 2
1 8 9
1 9 0
1 9 1
1 9 8
1 10 0
1 10 1
1 10 8
1 11 0
1 11 8
1 12 2
1 12 8
1 13 1
1 13 9
2 0 5
2 0 11
2 1 1
2 1 2
2 1 5
2 1 6
2 1 9
2 1 11
2 1 12
2 2 9
2 2 12
2 3 1
2 3 2
2 3 5
2 3 6
2 3 11
2 4 1
2 4 6
2 4 9
2 5 5
2 5 6
2 5 7
2 5 11
2 6 1
2 6 7
2 6 9
2 6 12
2 7 7
2 7 9
2 8 1
2 8 5
2 8 6
2 8 7
2 8 9
2 9 1
2 9 2
2 9 6
2 10 6
2 10 9
2 11 2
2 11 5
2 11 7
2 11 11
2 11 12
2 12 6
2 12 9
2 12 11
2 13 1
2 13 5
2 13 7
3 0 0
3 1 8
3 1 13
3 2 8
3 3 0
3 4 0
3 4 2
3 4 8
3 4 13
3 5 0
3 5 2
3 5 8
3 5 13
3 6 0
3 6 1
3 6 8
3 6 13
3 7 0
3 7 2
3 7 8
3 8 0
3 8 1
3 8 8
3 9 1
3 10 0
3 10 8
3 11 0
3 12 0
3 13 0
3 13 2
3 13 8
4 0 2
4 0 8
4 0 9
4 0 13
4 1 1
4 1 9
4 1 13
4 2 1
4 2 2
4 2 8
4 2 13
4 3 2
4 3 13
4 4 8
4 4 13
4 5 1
4 5 2
4 5 9
4 5 13
4 6 8
4 6 13
4 7 1
4 7 9
4 7 13
4 8 9
4 9 1
4 9 9
4 11 8
4 11 13
4 12 1
4 13 1
4 13 8
5 0 2
5 0 7
5 0 9
5 0 10
5 0 11
5 1 2
5 1 4
5 1 6
5 1 7
5 1 10
5 2 3
5 2 11
5 3 2
5 3 4
5 3 6
5 3 7
5 3 9
5 3 10
5 3 12
5 4 2
5 4 4
5 4 10
5 4 11
5 4 12
5 5 2
5 5 3
5 5 7
5 5 10
5 5 11
5 5 12
5 6 3
5 6 7
5 6 9
5 6 10
5 7 4
5 7 6
5 7 9
5 7 12
5 8 3
5 8 4
5 8 7
5 8 9
5 8 10
5 8 11
5 8 12
5 9 3
5 9 4
5 9 6
5 9 7
5 9 9
5 9 11
5 10 6
5 10 7
5 10 10
5 10 11
5 11 6
5 11 7
5 11 11
5 12 2
5 12 4
5 12 6
5 12 7
5 12 9
5 13 2
5 13 3
5 13 4
5 13 10
5 13 11
5 13 12
6 0 8
6 1 8
6 2 0
6 3 0
6 3 2
6 3 8
6 4 2
6 5 0
6 5 2
6 6 0
6 6 1
6 6 8
6 7 0
6 7 2
6 8 1
6 9 1
6 9 8
6 10 0
6 10 1
6 11 0
6 11 1
6 11 8
6 12 0
6 12 1
6 13 2
6 13 8
7 0 1
7 0 13
7 1 8
7 1 13
7 2 0
7 2 8
7 3 0
7 3 1
7 3 8
7 3 13
7 4 0
7 5 8
7 5 13
7 6 8
7 6 13
7 7 0
7 7 1
7 8 1
7 8 8
7 8 13
7 9 0
7 9 1
7 9 8
7 10 0
7 10 1
7 10 8
7 10 13
7 11 0
7 11 8
7 12 0
7 13 0
7 13 13
8 0 0
8 0 3
8 0 5
8 0 8
8 1 0
8 1 3
8 1 4
8 1 6
8 1 10
8 2 0
8 2 3
8 2 4
8 2 8
8 3 4
8 3 6
8 3 10
8 4 0
8 4 3
8 4 4
8 4 5
8 5 0
8 5 4
8 5 5
8 5 6
8 5 8
8 6 0
8 6 6
8 6 8
8 6 10
8 7 0
8 7 4
8 7 6
8 7 10
8 8 0
8 8 3
8 8 4
8 8 8
8 9 5
8 9 6
8 9 10
8 10 4
8 10 5
8 10 10
8 11 0
8 11 3
8 11 5
8 11 6
8 12 4
8 12 5
8 13 0
8 13 3
8 13 4
8 13 8
8 13 10
9 0 0
9 1 8
9 1 13
9 2 0
9 2 13
9 3 8
9 3 13
9 4 0
9 4 8
9 4 13
9 5 0
9 5 8
9 7 0
9 7 8
9 8 8
9 8 13
9 9 0
9 10 13
9 11 8
9 12 0
9 12 13
9 13 0
9 13 8
10 0 0
10 0 3
10 0 4
10 0 6
10 0 11
10 0 12
10 1 0
10 1 1
10 1 2
10 1 4
10 2 2
10 2 3
10 3 0
10 3 11
10 4 1
10 4 3
10 4 6
10 4 11
10 5 0
10 5 2
10 5 3
10 5 6
10 5 12
10 6 4
10 6 6
10 7 0
10 7 3
10 7 11
10 8 0
10 8 1
10 8 4
10 8 6
10 8 12
10 9 0
10 9 1
10 9 2
10 9 3
10 9 6
10 10 0
10 10 1
10 10 3
10 10 12
10 11 1
10 11 2
10 11 4
10 11 6
10 11 12
10 12 0
10 12 2
10 12 4
10 12 6
10 13 0
10 13 3
10 13 4
10 13 6
10 13 12
11 0 7
11 0 9
11 1 9
11 2 7
11 2 9
11 4 9
11 5 7
11 6 7
11 6 9
11 7 7
11 8 9
11 9 7
11 10 9
11 11 7
11 11 9
11 12 7
11 13 7
12 0 2
12 0 7
12 0 8
12 0 10
12 1 2
12 1 10
12 2 2
12 2 4
12 2 5
12 3 5
12 4 2
12 4 4
12 4 5
12 4 7
12 5 4
12 5 5
12 5 7
12 6 2
12 6 4
12 6 5
12 6 7
12 6 8
12 7 2
12 7 4
12 7 7
12 8 4
12 8 5
12 9 2
12 9 4
12 9 5
12 9 8
12 10 2
12 10 8
12 10 10
12 11 4
12 12 2
12 12 4
12 12 5
12 12 7
12 13 2
12 13 4
12 13 7
13 0 0
13 0 8
13 0 9
13 1 8
13 1 9
13 2 0
13 2 8
13 2 9
13 2 11
13 3 1
13 3 8
13 3 9
13 3 11
13 4 0
13 4 8
13 4 11
13 5 8
13 5 9
13 5 11
13 6 8
13 7 0
13 7 1
13 7 8
13 8 0
13 8 1
13 8 8
13 9 1
13 10 0
13 10 1
13 10 9
13 10 11
13 11 0
13 11 1
13 11 11
13 12 0
13 12 8
13 12 9
13 12 11
13 13 0
