13 440
0 0 4
0 0 11
0 1 4
0 1 11
0 3 11
0 4 11
0 8 11
0 9 4
0 9 11
0 10 4
0 11 11
0 12 4
0 12 11
1 0 4
1 0 9
1 1 4
1 1 7
1 1 9
1 1 11
1 2 11
1 3 9
1 4 4
1 4 7
1 5 7
1 5 11
1 6 4
1 6 7
1 6 9
1 7 7
1 8 4
1 8 7
1 9 4
1 9 9
1 10 4
1 10 7
1 11 4
1 11 9
1 11 11
1 12 4
1 12 7
1 12 11
2 0 1
2 0 4
2 0 7
2 0 8
2 0 9
2 1 1
2 1 2
2 1 9
2 1 12
2 2 2
2 2 4
2 2 7
2 2 12
2 3 1
2 3 4
2 3 7
2 3 8
2 4 4
2 4 9
2 4 12
2 5 1
2 5 4
2 5 5
2 6 1
2 6 2
2 6 7
2 6 8
2 6 9
2 7 1
2 7 5
2 7 7
2 8 1
2 8 8
2 8 9
2 8 12
2 9 8
2 9 12
2 10 2
2 10 7
2 10 9
2 10 12
2 11 5
2 11 7
2 11 8
2 11 9
2 12 2
2 12 4
2 12 5
2 12 8
3 0 2
3 0 4
3 0 6
3 0 7
3 1 0
3 1 2
3 1 3
3 1 5
3 1 7
3 2 2
3 2 3
3 2 6
3 3 0
3 3 2
3 3 6
3 3 7
3 4 2
3 4 3
3 5 3
3 6 3
3 6 5
3 6 6
3 7 2
3 7 3
3 7 5
3 7 7
3 8 4
3 8 5
3 8 6
3 9 0
3 9 2
3 9 5
3 9 7
3 10 0
3 10 3
3 10 4
3 10 5
3 11 0
3 11 4
3 12 5
4 0 1
4 0 9
4 1 2
4 1 6
4 1 7
4 2 1
4 2 7
4 2 9
4 3 0
4 3 1
4 3 6
4 3 7
4 4 2
4 4 6
4 5 1
4 5 2
4 5 7
4 5 9
4 6 0
4 6 6
4 6 9
4 7 0
4 7 9
4 8 0
4 8 1
4 8 6
4 8 9
4 9 1
4 9 7
4 11 6
4 11 7
4 11 9
4 12 0
5 0 0
5 0 2
5 1 7
5 2 0
5 2 2
5 2 7
5 3 7
5 3 11
5 4 2
5 4 7
5 4 11
5 5 0
5 6 7
5 6 11
5 7 2
5 7 7
5 8 0
5 8 7
5 9 0
5 9 2
5 9 11
5 10 7
5 11 7
5 11 11
5 12 0
5 12 2
5 12 11
6 0 0
6 0 2
6 1 0
6 2 0
6 2 7
6 4 0
6 4 7
6 4 11
6 5 0
6 5 2
6 5 7
6 7 2
6 8 2
6 8 7
6 8 11
6 9 0
6 9 11
6 10 0
6 10 2
6 10 11
6 11 7
6 11 11
6 12 7
7 0 1
7 0 5
7 0 7
7 0 8
7 0 9
7 0 10
7 1 1
7 1 5
7 1 7
7 1 9
7 1 12
7 2 1
7 2 9
7 3 5
7 3 7
7 3 8
7 3 9
7 3 12
7 4 7
7 4 8
7 4 10
7 4 12
7 5 1
7 5 8
7 5 10
7 6 12
7 7 1
7 7 5
7 7 9
7 7 10
7 7 12
7 8 1
7 8 5
7 8 7
7 8 8
7 8 9
7 8 12
7 9 5
7 9 8
7 9 10
7 9 12
7 10 5
7 10 7
7 10 8
7 10 10
7 10 12
7 11 1
7 11 5
7 11 8
7 12 7
7 12 8
7 12 9
8 0 4
8 0 10
8 1 2
8 1 9
8 1 10
8 1 12
8 2 0
8 2 2
8 2 5
8 2 6
8 2 9
8 2 10
8 3 0
8 3 2
8 3 10
8 4 5
8 4 6
8 4 10
8 5 0
8 5 2
8 5 4
8 5 6
8 5 9
8 5 10
8 6 4
8 7 5
8 7 10
8 8 5
8 8 6
8 8 9
8 8 12
8 9 0
8 9 2
8 9 4
8 9 5
8 9 6
8 9 9
8 9 10
8 10 2
8 10 4
8 10 6
8 10 10
8 11 4
8 11 6
8 11 9
8 11 12
8 12 0
8 12 9
8 12 10
8 12 12
9 0 1
9 0 2
9 0 6
9 0 10
9 1 3
9 1 6
9 1 10
9 1 11
9 2 1
9 2 2
9 2 3
9 2 6
9 3 2
9 3 3
9 3 11
9 4 1
9 4 10
9 4 11
9 5 3
9 5 6
9 5 10
9 6 1
9 6 2
9 6 3
9 6 10
9 7 1
9 7 6
9 7 10
9 8 3
9 8 6
9 8 10
9 9 10
9 10 3
9 10 6
9 10 10
9 11 2
9 11 11
9 12 6
9 12 10
10 0 4
10 0 11
10 1 2
10 1 4
10 2 2
10 2 7
10 2 11
10 3 7
10 3 11
10 4 11
10 5 2
10 5 4
10 6 2
10 6 4
10 6 7
10 6 11
10 7 2
10 8 7
10 8 11
10 9 7
10 10 2
10 10 7
10 11 2
10 11 11
10 12 4
10 12 7
10 12 11
11 0 4
11 0 7
11 1 0
11 1 7
11 1 11
11 2 0
11 2 4
11 2 7
11 3 0
11 3 4
11 3 7
11 4 0
11 4 2
11 4 4
11 4 7
11 4 11
11 5 0
11 6 0
11 6 11
11 7 2
11 7 11
11 8 2
11 8 4
11 8 7
11 9 2
11 9 11
11 10 4
11 10 7
11 11 0
11 11 11
11 12 0
11 12 4
12 1 0
12 1 8
12 2 0
12 2 6
12 2 8
12 3 2
12 3 6
12 4 0
12 4 2
12 4 6
12 4 8
12 5 8
12 6 0
12 6 2
12 6 8
12 7 2
12 7 6
12 8 8
12 9 0
12 9 6
12 10 2
12 11 2
12 11 6
12 11 8
12 12 0
12 12 6
12 12 8
