15 655
0 0 3
0 0 4
0 0 12
0 1 2
0 1 7
0 1 12
0 2 4
0 3 4
0 4 7
0 4 12
0 5 2
0 6 3
0 6 4
0 7 3
0 7 4
0 7 12
0 8 2
0 8 12
0 10 2
0 10 3
0 10 7
0 10 12
0 11 2
0 11 7
0 11 12
0 12 2
0 12 4
0 12 7
0 13 2
0 13 3
0 13 4
0 13 7
0 13 12
0 14 4
0 14 7
1 0 0
1 0 9
1 0 13
1 1 4
1 2 13
1 3 0
1 3 4
1 3 9
1 3 13
1 4 0
1 5 0
1 5 4
1 5 9
1 5 12
1 5 13
1 6 0
1 6 12
1 6 13
1 7 0
1 8 0
1 8 9
1 8 12
1 8 13
1 9 0
1 9 9
1 9 13
1 10 0
1 10 4
1 11 0
1 11 9
1 11 12
1 11 13
1 12 0
1 12 12
1 13 4
1 13 9
1 14 4
1 14 13
2 0 12
2 0 13
2 1 8
2 2 8
2 2 13
2 3 12
2 3 13
2 4 12
2 4 13
2 5 8
2 5 12
2 6 8
2 7 12
2 9 8
2 9 12
2 10 8
2 11 8
2 11 12
2 11 13
2 14 12
2 14 13
3 0 0
3 0 1
3 0 5
3 0 8
3 0 10
3 1 8
3 2 0
3 2 1
3 2 8
3 3 0
3 3 6
3 3 8
3 3 12
3 4 0
3 4 1
3 4 5
3 4 6
3 4 14
3 5 1
3 5 5
3 5 6
3 5 8
3 5 10
3 5 14
3 6 1
3 6 5
3 6 6
3 6 8
3 6 12
3 7 0
3 7 1
3 7 6
3 7 8
3 7 14
3 8 0
3 8 5
3 8 14
3 9 1
3 9 5
3 9 6
3 9 8
3 10 0
3 10 5
3 10 6
3 10 8
3 10 14
3 12 8
3 12 10
3 12 12
3 12 14
3 13 0
3 13 5
3 13 6
3 13 8
3 13 10
3 13 12
3 13 14
3 14 5
3 14 8
4 0 9
4 0 12
4 1 4
4 1 9
4 1 12
4 3 4
4 3 12
4 4 4
4 4 9
4 4 12
4 6 9
4 6 12
4 7 4
4 7 9
4 10 4
4 12 4
4 12 9
4 12 12
4 13 9
4 13 12
5 0 14
5 2 8
5 2 12
5 4 8
5 4 12
5 4 14
5 5 8
5 5 12
5 6 14
5 7 12
5 8 8
5 8 12
5 9 8
5 9 14
5 10 8
5 11 12
5 12 12
5 12 14
5 14 12
6 0 9
6 0 14
6 2 9
6 2 14
6 3 9
6 3 12
6 4 9
6 4 12
6 4 14
6 5 9
6 5 14
6 6 9
6 6 12
6 7 9
6 7 12
6 7 14
6 9 9
6 10 9
6 11 14
6 12 9
6 12 12
6 12 14
6 14 12
7 0 2
7 0 7
7 1 6
7 1 7
7 1 8
7 2 5
7 2 6
7 2 7
7 2 8
7 3 2
7 3 5
7 3 7
7 3 11
7 3 12
7 4 5
7 4 7
7 4 8
7 4 9
7 4 12
7 5 6
7 5 7
7 5 8
7 6 2
7 6 7
7 6 11
7 6 12
7 7 5
7 7 9
7 7 11
7 8 2
7 8 5
7 8 6
7 8 9
7 8 11
7 8 12
7 9 2
7 9 5
7 9 6
7 9 8
7 10 5
7 10 7
7 11 5
7 11 7
7 11 9
7 11 11
7 11 12
7 12 5
7 12 11
7 13 2
7 13 7
7 13 9
7 13 11
7 14 2
7 14 7
7 14 11
8 0 4
8 0 9
8 0 13
8 1 4
8 1 9
8 1 12
8 2 12
8 2 13
8 3 4
8 4 9
8 4 13
8 5 4
8 5 12
8 5 13
8 6 9
8 6 12
8 6 13
8 7 12
8 7 13
8 8 12
8 9 4
8 9 12
8 10 9
8 10 12
8 10 13
8 12 4
8 12 13
8 13 4
8 13 12
8 13 13
8 14 12
8 14 13
9 0 4
9 0 8
9 0 11
9 0 14
9 1 4
9 1 11
9 1 14
9 2 4
9 2 8
9 2 14
9 3 4
9 3 7
9 3 11
9 3 14
9 4 8
9 4 14
9 5 7
9 5 8
9 6 4
9 6 7
9 6 8
9 6 14
9 7 8
9 7 14
9 8 4
9 8 7
9 8 8
9 8 11
9 9 8
9 9 11
9 9 14
9 10 4
9 10 7
9 10 14
9 11 4
9 11 7
9 11 8
9 12 7
9 12 14
9 13 4
9 13 11
9 13 14
9 14 4
9 14 8
9 14 11
10 0 0
10 0 4
10 0 9
10 0 10
10 0 12
10 0 13
10 1 4
10 1 9
10 2 9
10 2 11
10 3 0
10 3 3
10 3 6
10 3 10
10 4 12
10 5 0
10 5 6
10 5 9
10 5 10
10 5 12
10 5 13
10 6 0
10 6 3
10 6 12
10 7 0
10 7 4
10 7 6
10 7 10
10 7 11
10 7 12
10 7 13
10 8 3
10 8 4
10 8 6
10 8 9
10 8 11
10 9 4
10 9 6
10 9 12
10 9 13
10 10 4
10 10 9
10 10 10
10 10 12
10 10 13
10 11 0
10 11 3
10 11 4
10 11 6
10 11 10
10 11 12
10 11 13
10 12 3
10 12 4
10 12 10
10 12 11
10 12 12
10 12 13
10 13 3
10 13 4
10 13 6
10 13 9
10 13 10
10 13 11
10 14 9
10 14 10
10 14 12
10 14 13
11 0 0
11 0 1
11 0 9
11 0 14
11 1 0
11 1 1
11 1 3
11 1 8
11 1 10
11 1 12
11 1 14
11 2 1
11 2 2
11 2 3
11 2 8
11 2 12
11 3 0
11 3 1
11 3 2
11 3 9
11 3 10
11 3 12
11 4 0
11 4 9
11 4 12
11 5 0
11 5 1
11 5 3
11 5 8
11 5 9
11 5 10
11 5 12
11 5 14
11 6 0
11 6 10
11 6 12
11 7 1
11 7 3
11 7 10
11 7 12
11 8 1
11 8 2
11 8 3
11 8 8
11 8 12
11 9 1
11 9 3
11 9 9
11 9 14
11 10 0
11 10 1
11 10 2
11 10 8
11 10 9
11 10 12
11 10 14
11 11 0
11 11 1
11 11 2
11 11 3
11 11 12
11 12 1
11 12 3
11 12 12
11 13 2
11 13 9
11 13 10
11 13 14
11 14 0
11 14 2
11 14 8
11 14 9
11 14 12
11 14 14
12 0 6
12 0 9
12 0 12
12 1 5
12 1 9
12 1 11
12 1 12
12 1 13
12 2 0
12 2 2
12 2 4
12 2 7
12 2 9
12 2 13
12 3 0
12 3 4
12 3 5
12 3 6
12 3 9
12 3 12
12 3 13
12 4 2
12 4 11
12 4 12
12 4 13
12 5 0
12 5 2
12 5 4
12 5 5
12 5 7
12 5 9
12 6 2
12 6 5
12 6 6
12 6 9
12 7 5
12 7 6
12 7 12
12 8 0
12 8 2
12 8 6
12 8 7
12 8 9
12 8 12
12 8 13
12 9 0
12 9 6
12 9 11
12 9 12
12 10 0
12 10 2
12 10 5
12 10 9
12 10 11
12 10 12
12 11 7
12 11 13
12 12 0
12 12 2
12 12 4
12 12 9
12 12 12
12 13 4
12 13 6
12 13 9
12 13 11
12 13 12
12 13 13
12 14 5
12 14 6
12 14 7
12 14 9
12 14 11
12 14 13
13 0 9
13 0 12
13 0 13
13 1 4
13 1 12
13 1 13
13 2 13
13 4 9
13 4 12
13 4 13
13 5 13
13 5 14
13 7 4
13 7 12
13 9 4
13 9 9
13 9 12
13 9 13
13 9 14
13 10 4
13 10 9
13 10 13
13 10 14
13 11 4
13 11 14
13 12 4
13 12 9
13 12 13
13 12 14
13 13 9
13 13 13
13 13 14
13 14 4
13 14 12
13 14 14
14 0 6
14 0 10
14 0 14
14 1 1
14 1 4
14 1 5
14 1 6
14 1 14
14 2 4
14 2 6
14 2 10
14 2 11
14 2 14
14 3 4
14 3 5
14 3 6
14 3 11
14 4 1
14 4 4
14 4 5
14 4 6
14 4 10
14 4 11
14 4 14
14 5 1
14 5 14
14 6 4
14 6 6
14 6 10
14 6 11
14 7 5
14 7 6
14 7 10
14 8 6
14 9 1
14 9 4
14 9 11
14 9 14
14 10 1
14 10 4
14 10 5
14 10 6
14 10 14
14 11 4
14 11 5
14 11 10
14 11 11
14 11 14
14 12 4
14 12 5
14 12 14
14 13 4
14 13 5
14 13 11
14 14 6
14 14 10
14 14 14
