14 567
0 0 2
0 0 7
0 0 8
0 0 9
0 0 10
0 1 2
0 1 9
0 1 10
0 2 7
0 2 8
0 2 10
0 2 13
0 3 2
0 3 8
0 3 9
0 3 10
0 4 8
0 5 7
0 5 8
0 5 9
0 6 8
0 6 9
0 6 10
0 7 13
0 8 2
0 8 9
0 8 10
0 9 8
0 10 2
0 10 7
0 10 8
0 10 9
0 10 13
0 11 2
0 12 7
0 12 8
0 12 9
0 12 13
0 13 10
1 0 6
1 0 11
1 0 13
1 1 6
1 1 13
1 2 11
1 2 13
1 3 6
1 3 11
1 3 13
1 4 11
1 4 13
1 6 6
1 6 13
1 7 6
1 7 11
1 8 6
1 8 11
1 8 13
1 9 6
1 10 6
1 10 11
1 11 6
1 11 11
1 11 13
1 12 13
1 13 6
1 13 11
1 13 13
2 0 0
2 0 11
2 1 0
2 1 3
2 1 4
2 1 11
2 2 4
2 3 3
2 3 4
2 3 10
2 3 11
2 4 11
2 5 0
2 5 3
2 5 11
2 5 13
2 6 3
2 7 3
2 7 4
2 7 11
2 8 4
2 9 0
2 9 10
2 9 11
2 10 3
2 10 4
2 10 11
2 10 13
2 11 0
2 11 11
2 12 0
2 12 3
2 13 13
3 0 5
3 0 9
3 0 12
3 0 13
3 1 5
3 1 12
3 1 13
3 2 9
3 2 11
3 3 9
3 3 11
3 4 9
3 4 12
3 5 5
3 5 9
3 6 5
3 6 9
3 6 11
3 6 12
3 6 13
3 7 9
3 7 13
3 8 9
3 8 11
3 8 13
3 9 5
3 9 9
3 10 13
3 11 5
3 11 9
3 11 11
3 11 13
3 12 11
3 13 5
3 13 11
3 13 12
3 13 13
4 0 1
4 0 2
4 0 5
4 0 6
4 0 7
4 0 10
4 1 1
4 1 3
4 1 4
4 1 5
4 1 6
4 1 10
4 2 2
4 2 3
4 2 4
4 3 1
4 3 4
4 3 6
4 3 7
4 3 10
4 4 3
4 4 10
4 5 3
4 5 10
4 6 1
4 6 2
4 6 5
4 6 6
4 6 7
4 6 10
4 7 2
4 7 3
4 7 7
4 7 12
4 8 1
4 8 2
4 8 3
4 8 4
4 8 5
4 8 7
4 8 10
4 9 1
4 9 2
4 9 3
4 10 4
4 10 5
4 10 10
4 11 1
4 11 3
4 11 5
4 11 6
4 12 2
4 12 3
4 12 10
4 12 12
4 13 2
4 13 3
4 13 7
4 13 10
4 13 12
5 0 11
5 1 2
5 1 4
5 1 13
5 2 2
5 2 4
5 3 4
5 3 11
5 3 13
5 4 2
5 4 4
5 4 11
5 5 2
5 6 13
5 7 11
5 7 13
5 8 4
5 8 13
5 9 2
5 9 4
5 9 13
5 10 2
5 10 4
5 11 11
5 12 2
5 12 13
5 13 2
6 0 2
6 0 7
6 0 8
6 0 12
6 1 0
6 1 1
6 1 3
6 1 7
6 1 10
6 1 12
6 2 1
6 2 8
6 3 0
6 3 1
6 3 5
6 3 7
6 3 8
6 3 12
6 3 13
6 4 1
6 4 2
6 4 3
6 4 7
6 4 11
6 4 12
6 4 13
6 5 1
6 5 2
6 5 3
6 5 5
6 5 7
6 5 10
6 5 11
6 5 13
6 6 0
6 6 1
6 6 2
6 6 8
6 6 11
6 6 13
6 7 1
6 7 2
6 7 3
6 7 5
6 7 7
6 7 11
6 7 13
6 8 1
6 8 2
6 8 3
6 8 8
6 8 13
6 9 0
6 9 1
6 9 2
6 9 5
6 9 7
6 9 8
6 9 10
6 9 11
6 10 1
6 10 7
6 10 8
6 10 10
6 10 12
6 10 13
6 11 0
6 11 1
6 11 2
6 11 5
6 11 7
6 11 8
6 11 10
6 11 11
6 11 13
6 12 0
6 12 1
6 12 3
6 12 5
6 12 10
6 13 2
6 13 10
6 13 12
6 13 13
7 0 13
7 1 6
7 4 6
7 4 13
7 8 6
7 9 6
7 9 13
7 10 6
7 11 6
7 12 6
7 13 6
8 0 6
8 0 11
8 0 13
8 1 4
8 1 13
8 2 1
8 2 4
8 2 6
8 2 9
8 2 13
8 3 1
8 3 4
8 3 9
8 3 11
8 4 9
8 4 11
8 6 1
8 6 4
8 6 11
8 6 13
8 7 1
8 7 4
8 7 6
8 7 11
8 8 4
8 8 13
8 9 9
8 9 13
8 10 1
8 10 9
8 10 13
8 11 4
8 11 6
8 11 11
8 11 13
8 12 1
8 12 6
8 12 9
8 13 11
8 13 13
9 0 2
9 0 4
9 0 6
9 0 11
9 0 13
9 1 13
9 2 4
9 3 2
9 3 4
9 3 13
9 4 6
9 5 2
9 5 13
9 6 4
9 6 11
9 6 13
9 7 4
9 7 11
9 7 13
9 8 2
9 8 4
9 9 6
9 9 11
9 10 6
9 10 11
9 10 13
9 11 2
9 11 6
9 11 11
9 12 2
9 12 6
9 13 2
9 13 11
9 13 13
10 0 2
10 0 8
10 1 9
10 2 7
10 3 3
10 3 8
10 3 9
10 3 12
10 4 9
10 5 2
10 5 3
10 5 7
10 5 8
10 5 9
10 6 2
10 6 7
10 6 9
10 6 12
10 7 2
10 7 3
10 7 7
10 7 8
10 7 9
10 7 12
10 8 3
10 8 8
10 9 2
10 9 7
10 9 8
10 9 12
10 10 2
10 10 7
10 10 8
10 10 9
10 11 7
10 11 8
10 12 3
10 12 7
10 12 12
10 13 2
10 13 12
11 0 2
11 0 4
11 0 6
11 0 11
11 0 13
11 1 2
11 1 4
11 1 9
11 1 13
11 2 4
11 2 6
11 2 11
11 2 13
11 3 2
11 3 4
11 3 6
11 3 9
11 3 11
11 3 13
11 4 2
11 4 6
11 4 9
11 4 11
11 5 2
11 5 4
11 5 11
11 5 13
11 6 4
11 6 6
11 6 9
11 6 13
11 7 2
11 7 4
11 7 6
11 7 9
11 8 2
11 8 4
11 8 9
11 8 11
11 9 6
11 10 2
11 10 4
11 10 9
11 10 11
11 10 13
11 11 2
11 11 4
11 11 6
11 11 9
11 11 11
11 11 13
11 12 2
11 12 9
11 12 11
11 13 2
11 13 4
11 13 6
11 13 13
12 0 3
12 0 5
12 0 13
12 1 3
12 1 5
12 1 10
12 2 10
12 2 13
12 3 2
12 3 5
12 3 7
12 3 10
12 3 13
12 4 10
12 4 13
12 5 3
12 5 5
12 5 7
12 5 10
12 5 13
12 6 5
12 6 7
12 6 10
12 6 13
12 7 5
12 7 7
12 8 2
12 8 5
12 8 13
12 9 3
12 9 7
12 9 13
12 10 2
12 10 5
12 10 10
12 10 13
12 11 2
12 11 3
12 11 13
12 12 2
12 12 3
12 12 7
12 13 7
13 0 2
13 0 11
13 1 2
13 1 9
13 2 9
13 2 13
13 3 11
13 4 2
13 4 9
13 4 11
13 4 13
13 5 9
13 5 13
13 6 2
13 6 9
13 6 11
13 8 2
13 8 11
13 9 2
13 9 9
13 9 11
13 9 13
13 10 9
13 10 11
13 10 13
13 11 2
13 11 9
13 12 2
13 12 11
13 13 9
13 13 11
