9 130
0 0 2
0 0 5
0 0 7
0 1 7
0 2 5
0 3 2
0 4 2
0 4 7
0 5 2
0 5 5
0 7 7
1 0 0
1 0 1
1 0 3
1 1 2
1 1 3
1 2 0
1 2 3
1 2 6
1 3 0
1 3 2
1 4 0
1 4 1
1 4 6
1 5 1
1 5 2
1 5 3
1 6 1
1 6 3
1 7 2
1 8 0
1 8 6
2 0 2
2 1 4
2 2 2
2 4 0
2 4 2
2 4 4
2 5 2
2 5 4
2 6 0
3 0 0
3 0 3
3 0 5
3 2 0
3 2 5
3 3 3
3 4 3
3 4 5
3 5 6
3 6 3
3 6 5
3 7 5
3 7 6
3 8 0
3 8 5
4 1 7
4 2 6
4 3 2
4 3 7
4 3 8
4 4 7
4 4 8
4 5 6
4 5 8
4 7 6
4 7 7
4 7 8
4 8 2
5 2 5
5 3 5
5 4 5
5 5 2
5 5 5
5 7 2
5 7 5
5 8 2
5 8 5
6 0 1
6 0 5
6 0 7
6 1 5
6 1 7
6 2 1
6 2 2
6 2 5
6 2 7
6 3 1
6 3 2
6 3 5
6 4 1
6 4 2
6 5 1
6 5 2
6 5 5
6 7 2
6 8 1
6 8 2
7 0 3
7 0 7
7 2 1
7 2 3
7 2 4
7 3 3
7 4 2
7 4 7
7 5 1
7 5 4
7 6 1
7 6 2
7 6 3
7 7 1
7 7 7
7 8 2
7 8 7
8 0 2
8 1 5
8 1 7
8 2 2
8 2 5
8 2 7
8 3 5
8 3 7
8 4 5
8 5 7
8 7 2
8 7 7
8 8 2
8 8 5
8 8 7
