12 364
0 0 0
0 0 2
0 0 8
0 1 2
0 1 9
0 1 10
0 2 1
0 2 2
0 2 7
0 2 8
0 2 9
0 3 0
0 3 2
0 4 2
0 4 7
0 5 1
0 5 9
0 5 10
0 6 0
0 6 7
0 6 8
0 6 9
0 7 0
0 7 1
0 7 8
0 7 10
0 8 8
0 8 10
0 9 0
0 9 8
0 10 8
0 11 2
0 11 10
1 0 6
1 0 9
1 0 11
1 1 6
1 2 6
1 2 9
1 3 6
1 3 11
1 4 6
1 5 9
1 6 6
1 6 11
1 7 6
1 7 9
1 9 9
1 9 11
1 10 11
1 11 6
1 11 9
2 0 2
2 0 11
2 1 2
2 1 5
2 1 6
2 2 2
2 2 5
2 2 11
2 3 5
2 3 11
2 4 2
2 5 5
2 5 6
2 5 11
2 6 5
2 7 5
2 7 6
2 8 2
2 8 5
2 8 11
2 9 2
2 9 5
2 9 6
2 9 11
2 11 5
2 11 6
3 0 2
3 0 5
3 0 6
3 1 2
3 3 2
3 3 3
3 3 5
3 4 3
3 5 6
3 6 5
3 6 6
3 7 2
3 8 2
3 8 3
3 9 3
3 9 5
3 9 6
3 10 3
3 11 2
3 11 5
4 0 0
4 0 7
4 0 8
4 1 0
4 1 1
4 1 6
4 2 0
4 2 1
4 2 6
4 4 0
4 4 1
4 4 6
4 5 0
4 5 7
4 5 8
4 6 0
4 6 1
4 6 6
4 6 9
4 7 0
4 7 1
4 8 8
4 9 0
4 9 1
4 9 8
4 10 0
4 10 1
4 10 6
4 10 8
4 11 1
4 11 7
4 11 9
5 0 4
5 0 6
5 0 11
5 1 7
5 2 4
5 2 5
5 2 6
5 2 7
5 2 8
5 2 11
5 3 5
5 3 6
5 3 7
5 3 8
5 4 5
5 4 6
5 4 7
5 5 4
5 5 7
5 5 11
5 6 6
5 6 11
5 7 4
5 7 6
5 7 7
5 7 8
5 8 4
5 8 5
5 8 7
5 9 5
5 9 6
5 10 8
5 11 4
5 11 6
6 0 11
6 1 6
6 2 11
6 3 11
6 4 11
6 6 6
6 7 6
6 9 6
6 9 11
6 10 11
6 11 6
6 11 11
7 0 3
7 0 5
7 0 11
7 1 3
7 1 6
7 2 3
7 2 5
7 2 6
7 3 11
7 4 5
7 4 11
7 5 3
7 5 5
7 6 5
7 6 6
7 7 11
7 8 3
7 8 5
7 9 6
7 9 11
7 10 5
7 10 11
7 11 3
7 11 6
7 11 11
8 0 11
8 1 5
8 1 11
8 2 5
8 3 5
8 3 6
8 3 11
8 4 3
8 4 5
8 4 11
8 5 3
8 5 6
8 6 6
8 6 11
8 7 3
8 7 5
8 7 11
8 9 5
8 9 6
8 9 11
8 10 3
8 10 11
9 0 0
9 0 2
9 0 9
9 0 11
9 1 3
9 1 4
9 1 7
9 1 10
9 2 3
9 2 4
9 2 9
9 2 11
9 3 0
9 3 1
9 3 2
9 3 3
9 3 4
9 3 7
9 3 10
9 3 11
9 4 0
9 4 3
9 4 7
9 4 10
9 4 11
9 5 1
9 5 2
9 5 3
9 5 7
9 5 10
9 5 11
9 6 1
9 6 2
9 6 3
9 6 9
9 6 10
9 7 3
9 7 7
9 7 9
9 7 10
9 8 1
9 8 3
9 8 7
9 8 9
9 9 1
9 9 2
9 9 3
9 9 9
9 9 10
9 10 0
9 10 1
9 10 2
9 11 0
9 11 7
9 11 11
10 0 0
10 0 4
10 0 5
10 0 6
10 0 10
10 1 2
10 1 3
10 1 4
10 1 6
10 1 10
10 2 2
10 2 3
10 2 4
10 2 6
10 3 0
10 3 2
10 3 3
10 3 5
10 3 6
10 3 10
10 4 0
10 4 2
10 4 3
10 4 5
10 5 4
10 5 10
10 6 0
10 6 2
10 6 5
10 6 6
10 6 10
10 7 2
10 7 4
10 7 5
10 8 0
10 8 2
10 8 3
10 8 6
10 9 0
10 9 5
10 9 10
10 10 0
10 10 3
10 10 6
10 11 2
10 11 10
11 0 4
11 0 6
11 0 8
11 0 9
11 0 10
11 1 6
11 1 9
11 1 11
11 2 4
11 2 6
11 2 7
11 2 8
11 2 10
11 2 11
11 3 1
11 3 7
11 3 10
11 4 4
11 4 8
11 4 9
11 5 4
11 5 6
11 5 9
11 5 11
11 6 7
11 6 8
11 7 1
11 7 6
11 7 8
11 7 11
11 8 4
11 8 10
11 9 1
11 9 4
11 9 7
11 9 10
11 10 4
11 10 11
11 11 4
11 11 9
