14 495
0 0 2
0 0 6
0 0 9
0 0 11
0 0 13
0 1 13
0 2 2
0 3 2
0 3 6
0 3 9
0 3 11
0 4 6
0 4 12
0 5 6
0 5 11
0 5 12
0 6 11
0 6 12
0 6 13
0 7 6
0 7 9
0 7 12
0 7 13
0 8 2
0 8 6
0 8 9
0 8 12
0 9 6
0 9 11
0 9 12
0 9 13
0 11 9
0 11 11
0 11 12
0 12 2
0 12 11
0 13 2
1 0 2
1 0 7
1 0 13
1 2 2
1 4 2
1 4 13
1 5 2
1 5 7
1 6 2
1 6 7
1 6 13
1 7 7
1 8 2
1 8 13
1 9 2
1 9 7
1 9 13
1 10 7
1 10 13
1 11 2
1 11 13
1 12 13
1 13 13
2 0 6
2 1 2
2 2 5
2 3 5
2 3 6
2 4 4
2 4 5
2 4 6
2 5 5
2 5 12
2 6 2
2 6 4
2 6 6
2 6 12
2 7 4
2 7 5
2 7 6
2 8 6
2 9 2
2 9 12
2 10 2
2 10 4
2 10 5
2 10 12
2 11 2
2 11 5
2 12 2
2 12 4
2 12 5
2 12 6
2 12 12
3 0 13
3 1 2
3 2 2
3 2 7
3 2 11
3 2 13
3 3 2
3 4 2
3 4 7
3 5 2
3 5 11
3 6 2
3 7 7
3 8 2
3 8 7
3 8 13
3 9 2
3 9 7
3 9 13
3 10 2
3 10 7
3 10 11
3 11 11
3 11 13
3 12 2
3 12 7
3 13 11
3 13 13
4 0 2
4 2 2
4 3 12
4 3 13
4 5 2
4 5 13
4 6 2
4 7 13
4 8 2
4 8 13
4 9 12
4 9 13
4 10 2
4 10 12
4 10 13
4 11 12
4 11 13
4 12 12
4 13 12
4 13 13
5 0 1
5 0 2
5 0 6
5 0 8
5 0 9
5 1 1
5 1 2
5 1 3
5 1 4
5 1 6
5 1 8
5 1 10
5 1 13
5 2 0
5 2 1
5 2 2
5 2 3
5 2 6
5 2 7
5 2 8
5 2 9
5 3 0
5 3 2
5 3 4
5 3 7
5 3 10
5 3 13
5 4 1
5 4 4
5 4 6
5 4 7
5 4 9
5 5 2
5 5 4
5 6 2
5 6 3
5 6 4
5 6 9
5 7 0
5 7 3
5 7 4
5 7 6
5 7 7
5 7 8
5 7 9
5 8 0
5 8 2
5 8 3
5 8 7
5 8 8
5 8 9
5 9 0
5 9 3
5 9 6
5 9 7
5 9 9
5 10 0
5 10 1
5 10 2
5 10 9
5 10 10
5 10 13
5 11 0
5 11 4
5 11 6
5 11 10
5 11 13
5 12 2
5 12 8
5 12 9
5 12 10
5 12 13
5 13 0
5 13 1
5 13 2
5 13 4
5 13 13
6 0 6
6 0 11
6 0 13
6 1 0
6 1 5
6 1 6
6 1 13
6 2 5
6 2 6
6 2 7
6 2 13
6 3 7
6 3 13
6 4 6
6 4 7
6 5 0
6 5 6
6 5 7
6 6 0
6 6 5
6 6 7
6 6 13
6 7 5
6 7 6
6 7 7
6 8 5
6 8 6
6 8 11
6 9 0
6 9 6
6 9 7
6 9 13
6 10 0
6 11 5
6 11 7
6 11 11
6 11 13
6 12 7
6 13 13
7 0 2
7 0 6
7 0 11
7 1 2
7 1 6
7 2 2
7 2 11
7 2 13
7 3 13
7 4 2
7 4 13
7 6 6
7 6 11
7 7 2
7 7 11
7 8 13
7 9 2
7 9 13
7 10 2
7 10 13
7 11 2
7 11 13
7 12 6
7 13 2
7 13 6
7 13 11
7 13 13
8 0 2
8 0 7
8 0 8
8 1 6
8 1 7
8 1 8
8 2 6
8 2 10
8 3 2
8 3 5
8 3 6
8 4 5
8 4 8
8 4 10
8 5 7
8 5 8
8 6 7
8 6 8
8 7 2
8 7 5
8 7 6
8 8 2
8 8 5
8 8 7
8 9 2
8 9 6
8 9 7
8 9 10
8 10 10
8 11 2
8 11 7
8 11 8
8 12 5
8 12 6
8 12 8
8 13 2
8 13 7
8 13 10
9 0 2
9 0 6
9 0 12
9 1 11
9 1 12
9 1 13
9 2 12
9 3 2
9 3 13
9 4 6
9 4 11
9 4 13
9 5 2
9 5 6
9 5 12
9 5 13
9 6 6
9 6 11
9 6 12
9 7 6
9 7 11
9 7 12
9 8 6
9 8 12
9 8 13
9 9 2
9 9 6
9 9 11
9 10 6
9 10 13
9 11 6
9 11 11
9 11 12
9 12 12
9 13 11
9 13 13
10 0 3
10 0 5
10 0 6
10 0 12
10 1 0
10 1 5
10 1 8
10 2 4
10 2 12
10 3 0
10 3 3
10 3 8
10 3 12
10 4 3
10 4 4
10 4 5
10 5 5
10 5 12
10 6 0
10 6 3
10 6 5
10 6 6
10 6 8
10 7 0
10 7 5
10 7 12
10 8 5
10 8 6
10 8 8
10 8 12
10 9 3
10 9 4
10 9 8
10 10 0
10 10 4
10 10 6
10 11 3
10 11 4
10 11 12
10 12 3
10 13 0
10 13 4
10 13 5
10 13 8
10 13 12
11 0 5
11 0 11
11 0 12
11 1 1
11 1 6
11 1 11
11 1 12
11 2 1
11 2 6
11 3 5
11 3 6
11 3 12
11 4 1
11 4 5
11 4 11
11 5 1
11 5 5
11 5 8
11 6 5
11 6 6
11 6 7
11 7 1
11 7 6
11 7 7
11 7 8
11 8 5
11 8 7
11 8 11
11 8 12
11 9 1
11 9 5
11 9 6
11 9 11
11 10 1
11 10 5
11 10 6
11 10 11
11 11 1
11 11 5
11 11 12
11 12 1
11 12 5
11 12 8
11 12 11
11 13 8
11 13 11
11 13 12
12 1 2
12 3 2
12 3 12
12 4 12
12 5 2
12 7 2
12 7 12
12 8 12
12 9 12
12 10 2
12 12 12
13 0 0
13 0 3
13 0 9
13 0 10
13 1 0
13 2 0
13 2 3
13 2 9
13 2 10
13 3 9
13 4 0
13 5 0
13 5 3
13 5 8
13 5 10
13 6 0
13 6 7
13 6 8
13 6 10
13 7 7
13 7 9
13 7 10
13 8 3
13 8 7
13 8 10
13 9 3
13 10 7
13 10 9
13 11 0
13 11 7
13 11 10
13 12 7
13 12 9
13 13 0
13 13 8
13 13 10
