13 456
0 0 7
0 0 11
0 1 11
0 2 11
0 3 7
0 3 11
0 4 5
0 5 5
0 5 7
0 6 5
0 6 7
0 7 5
0 7 7
0 7 11
0 8 7
0 8 11
0 9 7
0 9 11
0 10 5
0 10 7
0 11 5
0 11 7
1 0 0
1 0 7
1 0 9
1 1 0
1 1 5
1 1 7
1 2 0
1 2 7
1 2 9
1 3 0
1 3 5
1 3 7
1 4 9
1 5 5
1 5 7
1 6 0
1 6 9
1 7 5
1 8 5
1 8 9
1 9 7
1 10 9
1 11 7
1 11 9
1 12 0
1 12 5
1 12 7
2 0 1
2 0 9
2 1 1
2 1 4
2 1 6
2 1 12
2 2 6
2 2 12
2 3 4
2 3 6
2 3 12
2 4 1
2 4 4
2 4 9
2 5 4
2 5 6
2 6 1
2 6 4
2 6 6
2 6 12
2 7 1
2 7 6
2 8 1
2 8 4
2 8 9
2 10 6
2 11 1
2 11 4
2 12 9
3 0 11
3 1 5
3 4 5
3 4 9
3 5 7
3 5 9
3 5 11
3 6 5
3 6 11
3 7 5
3 7 11
3 8 5
3 8 9
3 8 11
3 9 5
3 9 9
3 9 11
3 10 5
3 10 9
3 11 5
3 11 9
3 12 5
3 12 7
4 1 0
4 1 5
4 1 7
4 2 7
4 3 11
4 5 0
4 5 11
4 6 7
4 7 5
4 7 7
4 7 11
4 8 7
4 9 5
4 9 7
4 9 11
4 10 0
4 10 7
4 11 7
4 11 11
4 12 0
4 12 11
5 1 12
5 2 11
5 2 12
5 4 11
5 5 7
5 6 11
5 7 7
5 7 11
5 8 12
5 9 7
5 9 12
5 10 7
5 11 11
5 11 12
5 12 7
5 12 11
5 12 12
6 0 5
6 1 0
6 2 0
6 4 0
6 5 0
6 5 9
6 7 5
6 7 7
6 7 9
6 8 5
6 9 0
6 9 5
6 9 9
6 10 7
6 10 9
6 11 5
6 11 7
6 12 0
6 12 9
7 0 0
7 0 1
7 0 8
7 0 11
7 1 0
7 1 1
7 2 1
7 2 12
7 4 0
7 4 12
7 5 8
7 5 10
7 5 11
7 5 12
7 6 1
7 6 11
7 7 8
7 7 12
7 8 9
7 8 10
7 9 8
7 9 9
7 10 0
7 10 11
7 10 12
7 11 1
7 11 11
7 11 12
7 12 10
7 12 11
8 0 0
8 0 3
8 0 5
8 0 7
8 0 9
8 0 10
8 1 5
8 1 7
8 1 8
8 1 10
8 3 0
8 3 3
8 3 4
8 3 8
8 3 10
8 4 0
8 4 4
8 4 5
8 4 7
8 5 3
8 5 5
8 5 10
8 6 0
8 6 1
8 6 5
8 6 7
8 6 8
8 6 10
8 7 1
8 7 7
8 8 1
8 8 4
8 8 7
8 8 8
8 9 4
8 9 5
8 9 7
8 9 8
8 9 10
8 10 1
8 10 3
8 10 4
8 10 5
8 10 9
8 10 10
8 11 0
8 11 1
8 11 7
8 11 8
8 11 9
8 12 0
8 12 1
8 12 7
8 12 8
8 12 10
9 0 0
9 0 2
9 0 5
9 0 6
9 0 7
9 0 12
9 1 0
9 1 7
9 2 0
9 2 3
9 3 0
9 3 3
9 3 4
9 3 5
9 3 7
9 3 9
9 3 12
9 4 0
9 4 2
9 4 5
9 4 6
9 4 7
9 5 0
9 5 3
9 5 5
9 5 6
9 5 7
9 5 9
9 5 12
9 6 2
9 6 3
9 6 4
9 6 5
9 6 7
9 6 9
9 6 12
9 7 2
9 7 5
9 7 9
9 7 12
9 8 3
9 8 4
9 8 5
9 8 12
9 9 4
9 9 5
9 9 6
9 9 7
9 9 9
9 10 0
9 10 2
9 10 5
9 10 7
9 10 9
9 10 12
9 11 0
9 11 2
9 11 3
9 11 5
9 11 7
9 12 2
9 12 3
9 12 5
9 12 7
9 12 9
10 0 0
10 0 4
10 0 5
10 0 11
10 1 6
10 1 11
10 2 0
10 2 5
10 2 6
10 3 4
10 3 5
10 3 6
10 3 11
10 4 4
10 4 5
10 4 11
10 5 4
10 5 5
10 5 6
10 5 11
10 6 3
10 6 4
10 6 5
10 6 6
10 7 3
10 7 6
10 8 0
10 8 3
10 8 5
10 8 6
10 9 3
10 9 4
10 9 11
10 10 0
10 10 5
10 10 11
10 11 5
10 11 6
10 11 11
10 12 3
10 12 6
11 0 0
11 0 4
11 0 5
11 0 7
11 0 9
11 0 10
11 1 0
11 1 1
11 1 2
11 1 5
11 1 6
11 1 8
11 1 9
11 1 10
11 1 11
11 2 1
11 2 4
11 2 9
11 2 10
11 3 0
11 3 2
11 3 5
11 3 9
11 4 1
11 4 4
11 4 5
11 4 8
11 5 0
11 5 2
11 5 5
11 5 8
11 5 11
11 6 0
11 6 1
11 6 2
11 6 5
11 6 6
11 6 9
11 6 11
11 7 1
11 7 2
11 7 4
11 7 5
11 7 6
11 7 7
11 7 8
11 8 1
11 8 2
11 8 7
11 8 10
11 9 0
11 9 1
11 9 4
11 9 5
11 9 6
11 9 7
11 9 8
11 9 9
11 9 10
11 10 0
11 10 6
11 10 7
11 10 8
11 11 0
11 11 2
11 11 4
11 11 5
11 11 6
11 11 7
11 11 9
11 11 11
11 12 1
11 12 4
11 12 5
11 12 8
11 12 10
12 0 0
12 0 2
12 0 5
12 0 11
12 1 0
12 1 2
12 1 11
12 2 2
12 2 5
12 2 11
12 3 2
12 3 5
12 4 0
12 4 2
12 4 5
12 4 11
12 5 2
12 6 2
12 6 5
12 7 5
12 8 0
12 8 2
12 8 5
12 9 0
12 9 2
12 9 11
12 10 2
12 10 11
12 11 5
12 12 0
12 12 2
