15 718
0 0 0
0 0 4
0 0 7
0 0 8
0 0 10
0 0 14
0 1 0
0 1 5
0 1 10
0 1 14
0 2 0
0 2 4
0 2 6
0 2 9
0 2 14
0 3 0
0 3 4
0 3 7
0 3 8
0 3 10
0 3 11
0 3 13
0 4 4
0 4 5
0 4 8
0 4 10
0 4 11
0 4 13
0 5 0
0 5 7
0 5 11
0 6 0
0 6 4
0 6 5
0 6 9
0 6 10
0 6 11
0 6 14
0 7 4
0 7 5
0 7 6
0 7 9
0 7 11
0 7 14
0 8 5
0 8 7
0 8 8
0 8 9
0 8 10
0 9 7
0 9 9
0 9 13
0 10 5
0 10 6
0 10 7
0 10 10
0 10 11
0 11 5
0 11 6
0 11 11
0 11 13
0 12 7
0 12 8
0 12 10
0 12 14
0 13 0
0 13 4
0 13 8
0 13 9
0 13 11
0 13 14
0 14 4
0 14 6
0 14 7
0 14 10
0 14 13
0 14 14
1 0 1
1 0 2
1 0 3
1 0 8
1 0 11
1 0 13
1 1 1
1 1 2
1 1 3
1 1 11
1 2 1
1 2 2
1 2 8
1 2 11
1 2 12
1 2 13
1 3 2
1 3 8
1 3 11
1 4 1
1 4 2
1 4 3
1 4 11
1 4 12
1 5 8
1 5 11
1 5 13
1 6 2
1 6 12
1 7 11
1 7 13
1 8 1
1 8 3
1 8 12
1 9 1
1 9 2
1 9 12
1 10 2
1 10 3
1 10 8
1 10 11
1 10 12
1 11 1
1 11 2
1 11 8
1 11 13
1 12 1
1 12 8
1 12 12
1 12 13
1 13 1
1 13 3
1 13 12
1 14 1
1 14 3
1 14 8
1 14 12
1 14 13
2 0 3
2 0 11
2 1 2
2 1 3
2 1 11
2 2 3
2 2 11
2 2 12
2 4 2
2 4 3
2 4 11
2 5 11
2 5 12
2 7 11
2 8 2
2 8 3
2 9 2
2 10 2
2 10 11
2 10 12
2 11 3
2 11 12
2 12 2
2 13 2
2 13 12
2 14 2
3 0 0
3 0 2
3 0 9
3 0 13
3 1 1
3 1 2
3 1 5
3 1 7
3 1 9
3 2 0
3 2 1
3 2 6
3 2 11
3 3 1
3 3 2
3 3 5
3 3 9
3 3 11
3 4 0
3 4 2
3 4 5
3 4 6
3 4 7
3 5 0
3 5 1
3 5 2
3 5 6
3 5 7
3 5 9
3 5 11
3 6 0
3 6 5
3 6 6
3 6 9
3 7 0
3 8 5
3 8 6
3 8 7
3 8 9
3 9 0
3 9 6
3 9 9
3 9 11
3 10 2
3 10 5
3 10 9
3 10 11
3 11 0
3 11 1
3 11 11
3 11 13
3 12 2
3 12 9
3 12 11
3 12 13
3 13 2
3 13 13
3 14 1
3 14 5
3 14 6
4 0 2
4 0 5
4 0 6
4 0 8
4 0 10
4 0 14
4 1 5
4 1 6
4 1 9
4 1 14
4 2 8
4 2 10
4 2 14
4 3 2
4 3 6
4 3 10
4 3 14
4 4 5
4 4 6
4 4 8
4 4 14
4 5 2
4 5 5
4 5 6
4 5 14
4 6 2
4 6 5
4 6 6
4 6 14
4 7 5
4 7 6
4 7 10
4 8 5
4 8 6
4 8 9
4 8 14
4 9 2
4 9 6
4 9 8
4 9 9
4 10 2
4 10 6
4 10 9
4 10 10
4 10 14
4 11 2
4 11 5
4 11 8
4 11 9
4 11 14
4 12 9
4 12 10
4 12 14
4 13 6
4 14 5
4 14 9
4 14 14
5 0 12
5 0 13
5 2 3
5 2 12
5 2 13
5 3 3
5 4 13
5 5 12
5 5 13
5 6 3
5 6 12
5 6 13
5 7 13
5 9 12
5 9 13
5 10 12
5 10 13
5 11 3
5 11 12
5 11 13
5 13 12
6 0 2
6 0 6
6 0 13
6 1 0
6 1 5
6 1 6
6 1 14
6 2 10
6 2 14
6 3 0
6 3 1
6 3 14
6 4 0
6 4 5
6 4 6
6 4 13
6 4 14
6 5 0
6 5 2
6 5 5
6 5 6
6 5 10
6 5 13
6 6 0
6 6 2
6 6 6
6 7 0
6 7 1
6 7 2
6 7 5
6 7 6
6 8 0
6 8 1
6 8 2
6 8 5
6 8 6
6 8 13
6 9 2
6 9 5
6 10 0
6 10 1
6 10 2
6 10 6
6 10 10
6 10 13
6 10 14
6 11 0
6 11 2
6 11 13
6 12 0
6 12 2
6 12 5
6 12 10
6 12 13
6 13 0
6 13 2
6 13 5
6 13 10
6 14 1
6 14 2
6 14 5
6 14 13
7 0 1
7 0 3
7 0 11
7 0 12
7 1 1
7 1 3
7 1 11
7 1 12
7 2 1
7 2 11
7 2 12
7 3 3
7 3 12
7 4 1
7 4 2
7 4 11
7 5 3
7 5 11
7 6 1
7 6 2
7 7 3
7 7 11
7 7 12
7 8 2
7 8 11
7 9 11
7 10 3
7 10 11
7 11 12
7 12 1
7 12 11
7 13 1
7 13 2
7 13 3
7 13 11
7 13 12
7 14 2
7 14 3
8 0 4
8 0 7
8 0 13
8 1 4
8 1 7
8 1 8
8 1 11
8 1 13
8 2 6
8 2 14
8 3 4
8 3 7
8 3 8
8 3 13
8 3 14
8 4 4
8 4 6
8 4 13
8 4 14
8 5 4
8 5 7
8 5 11
8 5 13
8 6 4
8 6 11
8 6 13
8 6 14
8 7 4
8 7 6
8 7 7
8 7 8
8 7 14
8 8 4
8 8 6
8 8 7
8 9 4
8 9 6
8 9 7
8 9 8
8 9 11
8 9 13
8 9 14
8 10 4
8 10 7
8 10 8
8 10 14
8 11 4
8 11 7
8 11 8
8 11 13
8 11 14
8 12 4
8 12 6
8 12 11
8 12 13
8 12 14
8 13 4
8 13 6
8 13 7
8 13 8
8 14 8
8 14 11
8 14 14
9 0 4
9 0 9
9 0 10
9 1 0
9 1 1
9 1 3
9 1 4
9 2 1
9 2 3
9 2 4
9 3 3
9 3 6
9 3 9
9 4 0
9 4 1
9 4 3
9 5 1
9 5 9
9 6 1
9 6 3
9 6 4
9 7 4
9 7 10
9 8 10
9 9 0
9 10 1
9 10 3
9 10 4
9 10 10
9 11 0
9 11 3
9 11 6
9 11 9
9 11 10
9 12 0
9 12 6
9 12 9
9 12 10
9 13 0
9 13 1
9 13 3
9 13 9
9 14 1
9 14 4
9 14 9
9 14 10
10 0 11
10 0 12
10 1 3
10 2 3
10 2 12
10 3 3
10 5 3
10 5 11
10 5 12
10 6 3
10 7 3
10 7 11
10 8 11
10 9 12
10 10 11
10 10 12
10 11 11
10 11 12
10 12 3
10 12 11
10 12 12
10 13 3
10 13 11
10 13 12
11 0 2
11 0 4
11 0 5
11 0 7
11 0 8
11 0 9
11 1 2
11 1 4
11 1 5
11 2 0
11 2 2
11 2 4
11 2 7
11 2 8
11 2 9
11 3 2
11 3 4
11 3 5
11 3 7
11 3 8
11 4 8
11 4 9
11 5 2
11 5 4
11 5 7
11 5 8
11 5 9
11 6 4
11 6 5
11 6 7
11 6 9
11 7 0
11 7 7
11 8 2
11 8 4
11 8 7
11 8 9
11 9 7
11 10 2
11 10 4
11 11 2
11 11 9
11 12 2
11 12 5
11 13 5
11 13 7
11 13 8
11 13 9
11 14 4
11 14 7
12 0 3
12 1 1
12 1 2
12 1 13
12 2 3
12 2 12
12 3 1
12 3 2
12 3 12
12 4 2
12 5 1
12 5 3
12 5 12
12 5 13
12 6 3
12 7 12
12 7 13
12 8 2
12 8 3
12 8 12
12 9 1
12 9 2
12 10 2
12 10 3
12 10 12
12 11 2
12 11 13
12 12 1
12 12 2
12 12 3
12 12 13
12 13 1
12 13 3
12 13 12
12 14 1
12 14 12
12 14 13
13 0 11
13 0 13
13 1 1
13 1 3
13 2 11
13 2 13
13 3 1
13 3 11
13 4 2
13 4 3
13 5 3
13 5 11
13 5 12
13 5 13
13 6 2
13 6 11
13 6 12
13 7 3
13 8 1
13 8 3
13 8 12
13 9 3
13 9 11
13 9 12
13 9 13
13 10 2
13 10 3
13 10 11
13 11 1
13 11 2
13 11 11
13 11 13
13 12 2
13 12 3
13 12 12
13 12 13
13 13 3
13 13 13
13 14 1
13 14 13
14 0 4
14 0 5
14 0 10
14 0 14
14 1 0
14 1 4
14 1 9
14 1 10
14 1 11
14 2 9
14 2 10
14 2 11
14 2 12
14 2 14
14 3 11
14 3 12
14 4 4
14 4 5
14 4 9
14 4 11
14 4 14
14 5 0
14 5 10
14 5 12
14 6 4
14 6 5
14 6 9
14 6 10
14 6 12
14 7 4
14 7 14
14 8 5
14 8 9
14 8 10
14 9 0
14 9 4
14 9 10
14 9 11
14 9 12
14 9 14
14 10 9
14 11 11
14 11 14
14 12 0
14 12 4
14 12 5
14 12 9
14 12 10
14 12 12
14 13 5
14 13 11
14 13 12
14 13 14
14 14 0
14 14 4
14 14 5
14 14 9
14 14 10
14 14 11
