16 911
0 0 7
0 0 13
0 0 15
0 1 1
0 1 4
0 1 7
0 2 2
0 2 4
0 2 7
0 2 15
0 3 2
0 3 3
0 3 7
0 3 13
0 3 15
0 4 0
0 4 1
0 4 2
0 4 3
0 4 4
0 4 15
0 5 0
0 5 1
0 5 4
0 5 13
0 5 15
0 6 0
0 6 1
0 6 4
0 6 7
0 6 13
0 7 0
0 7 1
0 7 2
0 7 3
0 7 4
0 7 7
0 7 13
0 8 0
0 8 1
0 8 2
0 8 4
0 8 7
0 8 13
0 8 15
0 9 1
0 9 2
0 9 3
0 9 4
0 10 1
0 10 2
0 10 4
0 10 7
0 10 15
0 11 3
0 11 7
0 12 0
0 12 15
0 13 1
0 13 4
0 13 7
0 13 15
0 14 0
0 14 1
0 14 15
0 15 2
0 15 3
0 15 13
1 0 4
1 0 14
1 1 4
1 1 14
1 2 4
1 2 14
1 3 4
1 3 12
1 3 14
1 4 14
1 5 1
1 5 4
1 5 9
1 5 14
1 6 12
1 6 14
1 8 1
1 8 4
1 8 9
1 8 14
1 9 4
1 9 9
1 9 12
1 10 1
1 10 4
1 10 9
1 10 14
1 11 1
1 11 4
1 11 9
1 11 12
1 11 14
1 12 4
1 12 12
1 13 4
1 13 9
1 13 14
1 14 4
1 14 9
1 14 12
1 15 1
1 15 4
1 15 9
1 15 12
2 0 0
2 0 1
2 0 5
2 0 6
2 0 11
2 1 0
2 1 1
2 1 2
2 1 3
2 1 11
2 1 14
2 2 0
2 2 1
2 2 2
2 2 3
2 2 6
2 2 14
2 3 1
2 3 6
2 4 0
2 4 1
2 4 5
2 4 11
2 4 15
2 5 0
2 5 1
2 5 2
2 5 3
2 5 6
2 5 9
2 6 2
2 6 5
2 6 9
2 6 11
2 6 14
2 7 1
2 7 3
2 7 5
2 7 6
2 7 9
2 7 11
2 8 0
2 8 1
2 8 2
2 8 3
2 8 5
2 8 6
2 9 1
2 9 3
2 9 9
2 9 11
2 9 14
2 10 0
2 10 3
2 10 6
2 10 9
2 10 11
2 11 2
2 11 3
2 11 9
2 11 14
2 11 15
2 12 5
2 12 9
2 12 11
2 12 14
2 13 0
2 13 2
2 13 3
2 13 6
2 13 9
2 13 11
2 13 14
2 13 15
2 14 1
2 14 2
2 14 11
2 14 14
2 14 15
2 15 2
2 15 5
2 15 9
2 15 11
2 15 14
2 15 15
3 0 5
3 0 15
3 1 1
3 1 8
3 2 3
3 2 5
3 2 8
3 2 9
3 3 3
3 4 5
3 4 8
3 4 15
3 5 1
3 5 3
3 5 4
3 5 8
3 5 9
3 5 15
3 6 1
3 6 3
3 6 5
3 6 9
3 6 15
3 7 4
3 7 5
3 7 9
3 8 3
3 8 4
3 8 5
3 8 9
3 8 15
3 9 1
3 9 3
3 9 4
3 9 8
3 9 15
3 10 5
3 10 9
3 10 15
3 11 1
3 11 3
3 11 5
3 11 9
3 12 1
3 12 3
3 12 4
3 12 5
3 12 15
3 13 3
3 13 8
3 13 9
3 13 15
3 14 1
3 14 4
3 14 5
3 14 9
3 14 15
3 15 1
3 15 3
3 15 5
3 15 9
3 15 15
4 0 4
4 0 12
4 0 14
4 1 1
4 1 2
4 1 4
4 1 7
4 1 9
4 1 12
4 1 14
4 2 9
4 2 12
4 3 1
4 3 4
4 3 9
4 3 12
4 4 1
4 4 2
4 4 4
4 4 12
4 5 4
4 5 7
4 5 14
4 6 1
4 6 2
4 6 4
4 6 9
4 6 12
4 6 14
4 7 1
4 7 2
4 7 4
4 7 9
4 7 12
4 7 14
4 8 2
4 8 12
4 8 14
4 9 9
4 9 14
4 10 2
4 10 4
4 10 9
4 10 12
4 10 14
4 11 2
4 11 12
4 11 14
4 12 1
4 13 2
4 13 7
4 14 1
4 14 2
4 14 4
4 14 12
4 15 4
4 15 7
4 15 9
4 15 12
5 0 9
5 0 14
5 1 9
5 1 12
5 1 14
5 2 11
5 3 9
5 3 12
5 4 11
5 4 12
5 4 14
5 5 9
5 5 11
5 6 9
5 6 12
5 6 14
5 7 9
5 7 11
5 7 12
5 7 14
5 8 9
5 9 9
5 10 9
5 10 11
5 11 9
5 11 11
5 11 14
5 12 11
5 12 14
5 13 9
5 14 9
5 14 11
5 14 14
5 15 11
5 15 12
6 0 1
6 0 3
6 0 8
6 0 9
6 0 14
6 1 6
6 1 7
6 1 9
6 2 3
6 2 7
6 2 13
6 2 14
6 3 1
6 3 3
6 3 6
6 3 7
6 3 13
6 3 14
6 4 1
6 4 6
6 4 8
6 4 13
6 4 14
6 5 1
6 5 7
6 5 8
6 5 14
6 6 3
6 6 7
6 6 8
6 7 6
6 7 7
6 7 8
6 7 9
6 7 13
6 8 3
6 8 7
6 8 8
6 8 14
6 9 1
6 9 8
6 9 9
6 9 14
6 10 1
6 10 6
6 10 7
6 10 8
6 10 9
6 10 14
6 11 1
6 11 3
6 11 8
6 11 13
6 11 14
6 12 1
6 12 6
6 12 8
6 12 9
6 12 13
6 13 3
6 13 6
6 13 7
6 13 9
6 13 13
6 13 14
6 14 1
6 14 6
6 14 7
6 14 8
6 14 9
6 14 13
6 15 1
6 15 6
6 15 7
6 15 9
6 15 13
7 0 2
7 0 14
7 1 2
7 1 8
7 1 9
7 1 11
7 1 14
7 2 8
7 2 14
7 3 5
7 3 8
7 3 11
7 4 9
7 4 11
7 4 14
7 5 2
7 5 5
7 5 14
7 6 2
7 6 3
7 6 5
7 6 9
7 7 2
7 7 5
7 7 8
7 7 14
7 8 2
7 8 3
7 8 5
7 8 8
7 8 9
7 8 14
7 9 5
7 9 8
7 10 2
7 10 3
7 10 8
7 10 11
7 10 14
7 11 5
7 11 9
7 12 3
7 12 8
7 12 9
7 12 11
7 13 8
7 13 11
7 14 3
7 14 5
7 14 14
7 15 2
7 15 8
7 15 9
7 15 14
8 0 9
8 0 14
8 1 9
8 1 14
8 2 9
8 2 14
8 3 14
8 4 9
8 5 9
8 6 1
8 6 9
8 7 1
8 8 9
8 8 14
8 9 1
8 9 9
8 10 9
8 11 1
8 11 9
8 12 1
8 13 14
8 14 1
8 14 14
8 15 9
8 15 14
9 0 1
9 0 2
9 0 9
9 0 14
9 1 2
9 1 9
9 2 2
9 2 7
9 2 9
9 2 14
9 3 7
9 4 1
9 4 2
9 5 7
9 5 9
9 6 1
9 6 14
9 7 7
9 7 9
9 8 1
9 8 2
9 8 9
9 8 14
9 9 9
9 10 1
9 10 7
9 10 9
9 10 14
9 11 7
9 11 14
9 12 1
9 12 9
9 12 14
9 13 1
9 13 14
9 14 1
9 14 2
9 14 9
9 15 1
9 15 2
9 15 7
9 15 9
10 0 1
10 0 2
10 0 6
10 0 7
10 0 11
10 0 12
10 0 13
10 0 14
10 1 1
10 1 3
10 1 5
10 1 7
10 1 12
10 1 14
10 2 2
10 2 3
10 2 11
10 2 13
10 2 14
10 3 1
10 3 5
10 3 6
10 3 7
10 3 11
10 3 12
10 3 13
10 4 1
10 4 5
10 4 11
10 4 12
10 4 13
10 4 14
10 5 2
10 5 3
10 5 5
10 5 7
10 5 11
10 5 12
10 5 13
10 5 14
10 6 1
10 6 2
10 6 7
10 6 11
10 6 13
10 7 1
10 7 3
10 7 5
10 7 6
10 7 11
10 8 2
10 8 3
10 8 5
10 8 6
10 9 1
10 9 2
10 9 5
10 9 7
10 9 11
10 9 13
10 10 2
10 10 7
10 10 11
10 10 13
10 10 14
10 11 1
10 11 2
10 11 3
10 11 6
10 11 7
10 11 11
10 12 2
10 12 5
10 12 7
10 12 13
10 13 1
10 13 5
10 13 11
10 14 1
10 14 6
10 14 7
10 14 11
10 15 2
10 15 3
10 15 6
10 15 7
10 15 13
10 15 14
11 0 7
11 1 4
11 1 9
11 1 14
11 2 7
11 3 7
11 3 14
11 4 2
11 4 7
11 4 9
11 4 12
11 5 2
11 5 4
11 5 7
11 5 9
11 5 12
11 5 14
11 6 2
11 6 7
11 6 9
11 6 12
11 7 2
11 7 7
11 7 12
11 7 14
11 8 2
11 8 9
11 8 12
11 9 2
11 9 4
11 9 7
11 9 9
11 9 12
11 9 14
11 10 2
11 10 7
11 10 9
11 10 14
11 11 7
11 12 7
11 12 9
11 13 2
11 13 4
11 13 9
11 13 14
11 14 4
11 14 7
11 14 9
11 15 9
11 15 12
12 0 1
12 0 9
12 0 12
12 0 14
12 1 2
12 1 9
12 2 1
12 2 12
12 2 14
12 3 2
12 3 9
12 3 14
12 4 1
12 4 9
12 4 14
12 5 2
12 5 12
12 5 14
12 6 9
12 6 12
12 7 2
12 7 12
12 8 1
12 9 1
12 9 9
12 10 1
12 10 14
12 11 1
12 11 2
12 11 9
12 11 12
12 11 14
12 12 1
12 12 2
12 12 9
12 12 14
12 13 1
12 13 9
12 13 12
12 14 1
12 14 9
12 14 12
12 15 1
12 15 9
12 15 12
12 15 14
13 0 1
13 0 3
13 0 9
13 0 10
13 0 11
13 1 3
13 1 10
13 1 14
13 1 15
13 2 2
13 2 10
13 3 2
13 3 9
13 3 10
13 3 14
13 4 1
13 4 9
13 4 13
13 4 14
13 4 15
13 5 3
13 5 9
13 5 10
13 5 11
13 5 14
13 5 15
13 6 10
13 6 11
13 6 13
13 7 1
13 7 9
13 7 10
13 7 14
13 8 1
13 8 9
13 8 11
13 9 2
13 9 3
13 9 9
13 9 10
13 9 11
13 9 13
13 9 15
13 10 2
13 10 3
13 10 10
13 10 14
13 11 2
13 11 10
13 11 15
13 12 9
13 12 15
13 13 2
13 13 9
13 13 11
13 13 13
13 13 15
13 14 11
13 14 15
13 15 9
13 15 13
13 15 14
13 15 15
14 0 2
14 0 9
14 1 2
14 1 9
14 2 9
14 3 1
14 3 7
14 4 2
14 4 7
14 5 7
14 5 12
14 6 2
14 6 7
14 6 9
14 6 12
14 7 7
14 8 2
14 8 7
14 8 12
14 9 1
14 9 2
14 9 9
14 9 12
14 10 2
14 10 9
14 11 7
14 11 9
14 11 12
14 12 1
14 12 2
14 13 2
14 13 7
14 13 9
14 14 2
14 14 12
14 15 1
14 15 9
14 15 12
15 0 7
15 0 8
15 0 9
15 0 14
15 1 0
15 1 2
15 1 7
15 1 14
15 2 4
15 2 5
15 2 8
15 2 9
15 2 10
15 3 2
15 3 7
15 3 10
15 3 14
15 4 0
15 4 5
15 4 7
15 4 8
15 4 10
15 5 0
15 5 2
15 5 4
15 5 8
15 5 9
15 5 14
15 6 5
15 6 7
15 6 8
15 6 9
15 6 10
15 7 9
15 7 14
15 8 5
15 8 10
15 8 14
15 9 0
15 9 7
15 9 8
15 9 9
15 9 14
15 10 0
15 10 2
15 10 4
15 10 5
15 10 8
15 10 14
15 11 0
15 11 4
15 11 5
15 11 7
15 11 8
15 11 9
15 11 14
15 12 0
15 12 2
15 12 4
15 12 5
15 12 7
15 12 8
15 12 14
15 13 0
15 13 4
15 13 8
15 13 10
15 14 0
15 14 4
15 14 5
15 14 7
15 14 8
15 14 14
15 15 2
15 15 5
15 15 14
