100 4455 
1 38 7
1 81 8
1 43 9
1 24 4
1 10 3
1 21 8
1 65 3
1 89 3
1 77 9
1 47 5
1 69 3
1 97 9
1 55 8
1 79 9
1 22 10
1 13 4
1 35 3
1 23 6
1 7 5
1 32 6
1 46 1
1 67 4
1 94 6
1 2 4
1 39 4
1 96 8
1 71 5
1 50 4
1 6 1
1 84 8
1 44 3
1 58 6
1 98 2
1 42 9
1 40 3
1 95 2
1 91 7
1 59 6
1 33 7
1 61 10
1 80 3
1 11 7
1 34 5
1 62 6
1 74 2
1 53 3
1 76 6
1 66 8
1 54 1
1 14 4
1 90 8
1 19 10
1 100 9
1 12 9
1 5 3
1 49 7
1 3 10
1 45 5
1 70 10
1 26 6
1 48 2
1 82 9
1 72 2
1 41 5
1 30 3
1 64 4
1 25 10
1 8 1
1 68 6
1 28 4
1 9 3
1 15 5
1 88 2
1 92 9
1 18 8
1 85 10
1 93 1
1 36 4
1 78 7
1 75 9
1 16 7
1 29 5
1 60 5
1 86 8
1 63 5
1 37 3
1 73 10
1 27 5
1 20 1
1 31 8
2 61 10
2 15 8
2 79 4
2 77 5
2 90 10
2 99 7
2 82 5
2 35 5
2 31 7
2 28 2
2 33 2
2 17 3
2 47 6
2 51 4
2 30 10
2 11 1
2 83 8
2 57 4
2 58 4
2 69 8
2 66 9
2 19 3
2 62 4
2 80 2
2 95 2
2 78 8
2 48 9
2 42 9
2 100 2
2 56 7
2 54 4
2 38 6
2 3 3
2 73 1
2 5 1
2 10 8
2 89 1
2 4 1
2 22 4
2 20 2
2 24 2
2 68 5
2 76 4
2 67 6
2 92 7
2 84 8
2 34 10
2 16 7
2 59 5
2 18 5
2 41 1
2 91 4
2 60 4
2 81 7
2 86 9
2 36 3
2 93 7
2 70 4
2 71 4
2 52 4
2 96 3
2 64 10
2 37 6
2 26 7
2 27 7
2 97 7
2 87 9
2 45 2
2 85 3
2 65 10
2 49 4
2 23 9
2 72 2
2 55 9
2 44 2
2 40 3
2 32 2
2 88 5
2 94 3
2 53 5
2 7 7
2 43 4
2 13 4
2 8 1
2 75 4
2 6 9
2 29 7
2 74 4
2 98 4
2 63 6
3 72 6
3 89 5
3 66 7
3 78 4
3 17 8
3 94 4
3 70 9
3 40 3
3 29 5
3 15 7
3 24 10
3 97 8
3 56 10
3 65 6
3 20 10
3 30 4
3 64 4
3 37 10
3 62 2
3 92 6
3 26 10
3 77 10
3 25 6
3 33 4
3 38 3
3 41 7
3 6 5
3 87 9
3 9 3
3 68 7
3 83 5
3 23 10
3 47 10
3 98 1
3 35 7
3 34 1
3 7 8
3 31 8
3 55 6
3 4 5
3 80 1
3 100 6
3 86 9
3 53 6
3 16 7
3 60 1
3 74 4
3 96 5
3 85 3
3 73 7
3 69 4
3 79 2
3 90 3
3 63 2
3 49 6
3 12 2
3 27 2
3 50 9
3 75 2
3 59 1
3 43 1
3 76 10
3 19 7
3 46 8
3 91 1
3 44 7
3 39 7
3 81 6
3 14 7
3 48 7
3 57 1
3 95 10
3 32 7
3 36 8
3 45 4
3 88 6
3 18 2
3 61 3
3 54 9
3 67 3
3 82 2
3 51 7
3 71 3
3 99 8
3 52 4
3 21 10
4 84 5
4 92 6
4 20 5
4 64 4
4 82 2
4 57 3
4 30 8
4 63 4
4 40 10
4 49 5
4 47 10
4 24 4
4 27 1
4 56 9
4 55 10
4 28 8
4 91 6
4 8 10
4 52 8
4 98 8
4 46 3
4 61 2
4 89 3
4 65 2
4 68 2
4 17 5
4 85 8
4 15 9
4 78 6
4 36 9
4 70 8
4 71 6
4 37 4
4 62 7
4 5 5
4 90 4
4 16 6
4 53 9
4 83 2
4 34 7
4 21 8
4 33 2
4 54 8
4 97 7
4 35 8
4 48 10
4 59 8
4 67 5
4 31 9
4 100 6
4 13 2
4 88 2
4 94 4
4 32 1
4 95 3
4 86 2
4 41 5
4 72 5
4 66 1
4 38 2
4 73 1
4 79 9
4 99 6
4 29 5
4 12 6
4 9 8
4 43 7
4 87 8
4 14 10
4 22 9
4 58 3
4 74 1
4 19 8
4 39 4
4 26 2
4 77 4
4 7 2
4 42 3
4 10 1
4 93 3
4 51 7
4 69 2
4 96 2
4 18 4
4 45 1
4 23 7
4 25 6
5 33 6
5 94 8
5 38 3
5 70 8
5 24 4
5 44 8
5 6 2
5 83 6
5 57 4
5 45 3
5 30 5
5 56 7
5 35 10
5 7 1
5 12 1
5 39 10
5 75 10
5 65 9
5 13 5
5 34 8
5 32 3
5 31 9
5 49 2
5 93 9
5 81 9
5 48 8
5 21 3
5 58 7
5 59 1
5 100 10
5 29 9
5 96 2
5 90 3
5 9 5
5 53 1
5 73 5
5 27 4
5 26 1
5 91 10
5 86 5
5 66 3
5 50 6
5 62 3
5 52 4
5 69 10
5 25 5
5 77 2
5 37 3
5 41 10
5 8 9
5 88 8
5 98 3
5 99 5
5 79 6
5 74 10
5 97 4
5 85 2
5 82 2
5 78 5
5 61 2
5 18 5
5 55 7
5 14 2
5 64 7
5 28 4
5 63 7
5 46 8
5 19 1
5 76 3
5 15 9
5 22 8
5 23 1
5 11 6
5 47 4
5 60 3
5 17 10
5 80 5
5 67 10
5 51 5
5 43 3
5 16 5
5 95 10
5 20 2
5 10 1
5 89 4
5 42 4
5 40 10
5 87 8
6 31 6
6 71 4
6 16 8
6 92 6
6 34 7
6 61 10
6 29 1
6 30 6
6 12 10
6 75 10
6 21 9
6 72 8
6 57 8
6 91 9
6 97 5
6 18 10
6 8 10
6 46 9
6 79 3
6 19 5
6 58 8
6 68 6
6 39 1
6 85 6
6 22 8
6 9 8
6 24 6
6 51 7
6 70 5
6 33 9
6 20 3
6 74 8
6 50 5
6 11 4
6 59 6
6 35 1
6 76 8
6 52 4
6 62 7
6 89 9
6 45 10
6 26 10
6 25 1
6 73 1
6 94 9
6 78 3
6 100 2
6 65 7
6 13 3
6 98 8
6 66 5
6 67 7
6 10 3
6 84 2
6 28 8
6 86 3
6 42 2
6 49 3
6 90 9
6 43 10
6 47 1
6 96 6
6 64 4
6 53 9
6 15 6
6 93 9
6 80 2
6 88 2
6 40 6
6 7 4
6 48 1
6 36 10
6 87 8
6 77 10
6 95 2
6 23 8
6 17 8
6 41 9
6 38 9
6 60 4
6 63 3
6 55 6
7 20 8
7 66 8
7 58 10
7 24 6
7 68 1
7 83 2
7 81 5
7 97 9
7 88 5
7 39 7
7 54 2
7 73 2
7 60 10
7 40 9
7 48 2
7 75 2
7 14 2
7 31 9
7 59 9
7 93 3
7 76 8
7 85 5
7 44 4
7 13 1
7 100 10
7 9 6
7 94 4
7 98 8
7 22 5
7 67 2
7 64 7
7 21 4
7 77 9
7 41 3
7 36 10
7 61 4
7 62 9
7 69 6
7 52 9
7 96 7
7 70 6
7 53 10
7 19 4
7 43 10
7 65 5
7 82 5
7 91 2
7 15 2
7 92 5
7 72 3
7 29 7
7 63 1
7 35 7
7 10 9
7 55 7
7 45 6
7 42 10
7 32 7
7 80 7
7 78 9
7 30 1
7 25 1
7 47 9
7 50 6
7 84 5
7 49 5
7 56 9
7 17 10
7 28 4
7 23 2
7 79 9
7 89 1
7 90 4
7 87 6
7 86 1
7 37 9
7 18 8
7 74 5
7 11 10
7 33 1
7 38 7
7 27 9
7 8 10
7 46 10
8 91 7
8 78 9
8 13 7
8 79 4
8 62 10
8 57 1
8 97 10
8 14 10
8 75 2
8 56 4
8 34 10
8 21 6
8 29 5
8 30 9
8 10 9
8 40 7
8 60 4
8 12 8
8 41 7
8 98 1
8 94 3
8 76 6
8 45 7
8 38 6
8 27 6
8 31 9
8 63 8
8 90 6
8 54 4
8 49 8
8 69 3
8 80 8
8 15 3
8 67 6
8 23 6
8 64 1
8 74 6
8 59 4
8 36 2
8 39 9
8 93 2
8 46 3
8 16 4
8 89 3
8 100 1
8 19 10
8 96 3
8 22 2
8 73 2
8 33 7
8 50 7
8 92 5
8 52 3
8 9 8
8 26 3
8 68 6
8 25 1
8 37 6
8 71 1
8 18 5
8 24 3
8 61 7
8 65 9
8 72 8
8 28 5
8 85 8
8 51 3
8 82 8
8 66 5
8 58 7
8 32 10
8 42 6
8 47 7
8 95 7
8 44 1
8 70 1
8 87 5
8 35 3
8 88 6
8 86 2
8 99 7
8 43 10
8 83 4
8 84 4
8 53 7
8 17 4
8 77 2
8 48 5
8 11 10
9 42 3
9 84 2
9 21 6
9 45 5
9 12 1
9 64 6
9 74 9
9 54 2
9 24 9
9 92 9
9 95 1
9 10 2
9 83 5
9 69 9
9 46 5
9 34 1
9 85 7
9 65 1
9 70 4
9 68 1
9 11 1
9 28 3
9 87 7
9 78 9
9 88 8
9 76 4
9 18 4
9 48 8
9 52 1
9 97 4
9 31 1
9 55 6
9 13 8
9 38 7
9 43 7
9 33 3
9 66 2
9 79 2
9 39 1
9 62 3
9 91 2
9 41 3
9 51 10
9 71 8
9 20 3
9 60 2
9 16 5
9 72 6
9 90 2
9 26 2
9 96 10
9 80 10
9 35 7
9 32 3
9 29 3
9 57 3
9 99 6
9 73 2
9 27 7
9 58 3
9 81 9
9 63 3
9 86 5
9 59 5
9 44 10
9 47 7
9 77 4
9 61 4
9 89 4
9 37 9
9 56 3
9 36 5
9 93 1
9 49 2
9 25 6
9 67 9
9 40 6
9 53 3
9 15 7
9 17 3
9 98 6
9 19 7
9 30 7
9 100 7
10 12 10
10 67 7
10 38 1
10 82 6
10 34 1
10 54 6
10 83 3
10 44 9
10 65 10
10 49 2
10 100 6
10 52 9
10 16 3
10 66 1
10 55 4
10 57 1
10 36 6
10 92 3
10 13 3
10 32 4
10 46 7
10 81 8
10 84 10
10 88 5
10 35 5
10 29 5
10 89 4
10 60 1
10 11 7
10 64 10
10 86 1
10 28 4
10 27 3
10 72 10
10 56 6
10 75 2
10 21 1
10 76 10
10 95 3
10 63 1
10 41 7
10 90 1
10 93 4
10 98 7
10 26 1
10 69 5
10 23 8
10 61 6
10 47 4
10 30 8
10 43 4
10 99 1
10 96 5
10 53 6
10 22 10
10 48 8
10 59 9
10 17 10
10 40 1
10 37 1
10 77 3
10 50 7
10 20 5
10 79 4
10 80 5
10 73 6
10 85 8
10 42 10
10 51 2
10 45 10
10 74 10
10 91 1
11 99 10
11 36 8
11 62 10
11 68 6
11 67 1
11 88 2
11 71 8
11 89 1
11 79 7
11 75 10
11 78 4
11 56 1
11 55 2
11 97 5
11 57 3
11 93 5
11 49 8
11 86 1
11 22 2
11 24 4
11 69 8
11 51 5
11 80 2
11 98 4
11 72 4
11 35 4
11 44 5
11 23 9
11 66 4
11 85 5
11 38 5
11 21 3
11 64 9
11 100 8
11 34 6
11 96 9
11 77 2
11 81 8
11 52 1
11 92 10
11 41 4
11 82 8
11 65 3
11 27 7
11 33 4
11 30 10
11 19 8
11 14 7
11 37 8
11 53 5
11 54 1
11 46 1
11 43 2
11 42 4
11 47 10
11 58 2
11 50 10
11 61 5
11 76 6
11 20 7
11 63 3
11 25 3
11 17 8
11 48 8
11 32 7
11 18 4
11 45 7
11 83 7
11 60 4
11 91 6
11 95 7
11 90 7
11 28 9
11 87 2
11 70 10
11 40 10
11 74 9
11 29 7
11 15 10
11 84 9
11 59 7
11 16 4
12 47 3
12 46 4
12 69 9
12 59 7
12 65 3
12 33 10
12 86 7
12 36 9
12 40 8
12 73 4
12 28 10
12 66 6
12 67 9
12 99 5
12 27 10
12 53 5
12 21 2
12 55 8
12 64 5
12 93 1
12 96 2
12 54 7
12 50 8
12 42 8
12 26 5
12 70 1
12 75 5
12 85 7
12 29 9
12 84 8
12 31 10
12 49 6
12 52 2
12 58 9
12 22 7
12 74 4
12 100 10
12 14 8
12 17 9
12 35 7
12 13 4
12 25 7
12 91 4
12 78 6
12 34 4
12 43 10
12 95 8
12 60 2
12 18 7
12 76 10
12 98 8
12 20 4
12 92 2
12 89 3
12 15 4
12 39 8
12 83 7
12 37 10
12 32 3
12 44 8
12 45 6
12 72 4
12 80 6
12 38 10
12 24 4
12 79 2
12 48 5
12 90 9
12 94 4
12 41 10
12 51 6
12 62 2
12 63 3
12 30 9
12 88 6
12 19 3
12 56 5
12 87 5
13 57 8
13 64 6
13 95 6
13 81 8
13 45 5
13 60 4
13 32 3
13 33 4
13 30 4
13 74 7
13 21 1
13 73 9
13 16 2
13 18 1
13 62 10
13 41 9
13 53 10
13 96 1
13 84 6
13 54 7
13 93 6
13 61 10
13 36 1
13 70 2
13 69 9
13 20 10
13 38 4
13 83 6
13 24 1
13 66 6
13 19 6
13 80 7
13 17 8
13 78 5
13 90 3
13 25 5
13 92 4
13 75 3
13 59 8
13 50 8
13 44 8
13 77 5
13 68 4
13 63 3
13 42 4
13 76 6
13 55 7
13 27 4
13 94 5
13 34 9
13 91 7
13 49 9
13 35 7
13 97 4
13 15 9
13 82 1
13 85 9
13 89 1
13 46 8
13 99 7
13 37 5
13 39 4
13 22 5
13 100 7
13 48 1
13 52 10
13 28 7
13 58 3
13 86 4
13 51 7
13 23 4
13 71 1
13 88 6
13 56 3
13 47 1
13 98 8
13 65 5
13 26 10
13 72 7
13 87 8
14 91 6
14 82 6
14 95 1
14 99 9
14 24 10
14 39 10
14 41 8
14 60 5
14 26 2
14 58 8
14 73 9
14 76 8
14 97 3
14 68 1
14 77 9
14 16 2
14 86 8
14 29 2
14 61 4
14 49 5
14 67 9
14 72 1
14 59 1
14 90 2
14 28 10
14 47 7
14 98 7
14 25 8
14 79 9
14 57 6
14 22 8
14 18 2
14 84 2
14 32 4
14 17 7
14 53 7
14 85 1
14 34 8
14 44 8
14 96 5
14 92 6
14 100 3
14 63 8
14 19 10
14 52 8
14 80 5
14 66 2
14 93 2
14 43 8
14 65 9
14 55 3
14 50 8
14 89 4
14 30 2
14 74 2
14 56 8
14 64 8
14 54 3
14 31 1
14 75 7
14 40 2
14 35 8
14 15 10
14 38 2
14 94 9
14 48 4
14 36 6
14 70 7
14 37 4
14 87 6
14 27 1
14 33 10
14 71 10
14 23 2
14 42 6
14 46 2
14 81 5
15 38 1
15 52 8
15 80 6
15 20 2
15 100 7
15 35 9
15 50 6
15 82 3
15 43 8
15 48 6
15 33 1
15 87 8
15 28 4
15 98 1
15 90 5
15 42 8
15 24 2
15 39 2
15 91 7
15 92 3
15 93 1
15 46 8
15 89 8
15 32 5
15 66 9
15 79 5
15 86 5
15 99 6
15 36 9
15 40 10
15 73 2
15 54 2
15 97 9
15 55 7
15 47 2
15 69 7
15 83 2
15 31 7
15 77 7
15 75 9
15 21 6
15 70 10
15 57 10
15 19 6
15 16 7
15 22 7
15 51 6
15 34 4
15 53 9
15 84 4
15 58 1
15 27 7
15 88 5
15 81 8
15 44 6
15 17 3
15 41 5
15 60 9
15 68 6
15 59 4
15 56 9
15 37 9
15 64 4
15 78 7
15 61 5
15 30 1
15 94 10
15 76 9
15 65 10
15 67 1
15 49 7
15 18 3
15 96 1
15 95 7
15 29 10
15 72 6
15 23 10
15 74 3
15 62 8
15 45 9
16 86 4
16 27 6
16 54 5
16 55 4
16 42 9
16 28 8
16 31 10
16 84 2
16 59 2
16 38 9
16 69 9
16 32 4
16 62 10
16 73 3
16 37 10
16 88 5
16 18 3
16 89 4
16 29 1
16 35 7
16 19 8
16 53 3
16 41 9
16 91 10
16 90 5
16 22 7
16 71 8
16 79 10
16 25 1
16 17 2
16 56 3
16 70 3
16 30 2
16 44 8
16 66 7
16 40 8
16 100 9
16 93 5
16 49 10
16 47 2
16 85 8
16 77 7
16 65 4
16 58 9
16 92 10
16 83 4
16 97 6
16 61 10
16 51 8
16 82 3
16 23 8
16 67 4
16 39 8
16 99 5
16 46 9
16 87 1
16 63 6
16 50 9
16 78 8
16 24 10
16 33 1
16 34 8
16 94 8
16 21 2
16 81 4
16 26 4
16 45 6
16 68 10
16 64 10
16 48 4
16 95 2
16 74 10
17 86 5
17 19 4
17 91 10
17 97 2
17 84 10
17 45 8
17 47 3
17 81 1
17 89 3
17 99 7
17 61 4
17 44 4
17 69 8
17 48 4
17 25 9
17 22 3
17 58 9
17 24 9
17 29 9
17 90 2
17 66 10
17 72 7
17 98 2
17 42 4
17 50 8
17 80 8
17 23 8
17 53 5
17 85 2
17 49 2
17 59 6
17 57 5
17 30 3
17 31 10
17 40 7
17 71 6
17 32 5
17 55 10
17 52 5
17 34 10
17 36 10
17 21 7
17 73 10
17 78 8
17 79 6
17 39 4
17 75 9
17 60 5
17 33 8
17 38 7
17 26 2
17 87 6
17 96 3
17 28 7
17 41 1
17 54 5
17 27 5
17 43 3
17 37 2
17 70 7
17 82 10
17 56 5
17 88 1
17 62 4
17 51 7
17 63 9
17 92 10
17 46 1
17 83 7
17 93 3
17 100 6
17 20 6
18 92 4
18 86 3
18 49 2
18 67 8
18 31 2
18 21 4
18 27 8
18 73 9
18 19 10
18 28 8
18 63 9
18 45 4
18 80 9
18 84 7
18 69 9
18 88 10
18 91 1
18 30 4
18 89 5
18 53 8
18 29 6
18 77 5
18 24 6
18 55 2
18 59 4
18 71 5
18 72 9
18 33 3
18 90 6
18 74 7
18 76 5
18 48 10
18 39 9
18 22 9
18 97 5
18 99 7
18 93 3
18 82 3
18 83 9
18 57 2
18 96 3
18 70 1
18 38 7
18 32 8
18 23 9
18 78 7
18 43 9
18 75 9
18 98 9
18 58 2
18 61 3
18 81 6
18 51 1
18 87 4
18 34 1
18 68 1
18 37 6
18 41 4
18 26 2
18 44 9
18 47 3
18 56 7
18 46 5
18 62 4
18 95 1
18 54 2
18 52 9
18 40 1
18 85 5
18 36 5
18 66 4
18 25 7
18 20 1
18 64 9
18 35 7
18 65 2
18 100 3
18 50 3
19 82 6
19 21 4
19 84 6
19 99 9
19 51 7
19 35 2
19 75 2
19 40 10
19 45 5
19 87 7
19 48 8
19 97 8
19 92 6
19 58 9
19 23 6
19 68 9
19 65 8
19 31 7
19 73 6
19 34 2
19 85 2
19 39 7
19 64 1
19 20 5
19 56 3
19 49 7
19 100 10
19 26 4
19 96 3
19 25 5
19 33 10
19 95 4
19 93 6
19 50 4
19 41 8
19 81 1
19 38 8
19 67 5
19 88 8
19 43 1
19 98 5
19 54 5
19 29 6
19 60 4
19 55 7
19 36 1
19 27 5
19 70 3
19 78 5
19 22 1
19 57 3
19 89 10
19 69 2
19 24 7
19 91 3
19 79 6
19 53 6
19 77 3
19 90 5
19 86 10
19 42 10
19 76 7
19 47 10
19 32 3
19 46 10
19 74 5
19 28 7
19 59 6
19 94 10
19 61 1
19 30 4
19 63 8
19 62 8
20 57 7
20 83 5
20 37 2
20 21 2
20 44 3
20 22 10
20 95 5
20 97 4
20 99 9
20 29 6
20 48 10
20 38 9
20 74 4
20 50 3
20 25 7
20 96 9
20 86 5
20 52 4
20 47 1
20 45 8
20 77 4
20 35 4
20 91 9
20 94 10
20 62 10
20 26 8
20 66 9
20 39 6
20 24 7
20 90 6
20 27 9
20 40 4
20 23 10
20 78 7
20 92 4
20 63 5
20 56 7
20 76 2
20 98 8
20 68 4
20 54 2
20 82 8
20 75 6
20 93 8
20 70 5
20 80 8
20 36 5
20 88 6
20 85 5
20 55 7
20 61 5
20 31 10
20 64 2
20 51 8
20 69 10
20 53 1
20 43 2
20 65 3
20 73 5
20 84 2
20 28 2
20 67 4
20 59 5
20 49 4
20 46 3
20 30 6
20 72 5
20 33 5
20 34 4
20 58 3
21 73 4
21 65 1
21 52 4
21 54 4
21 98 4
21 50 2
21 46 3
21 95 1
21 67 7
21 94 7
21 59 2
21 57 10
21 30 6
21 79 2
21 70 7
21 69 2
21 48 8
21 25 4
21 83 4
21 77 3
21 81 3
21 47 8
21 91 8
21 100 5
21 22 4
21 37 5
21 28 9
21 88 8
21 85 3
21 87 3
21 58 10
21 41 7
21 64 2
21 80 2
21 49 5
21 36 8
21 61 6
21 92 7
21 97 1
21 29 3
21 51 3
21 63 2
21 93 10
21 40 1
21 62 10
21 24 3
21 42 2
21 34 8
21 33 2
21 84 2
21 55 10
21 44 4
21 38 1
21 75 10
21 86 3
21 56 4
21 89 7
21 35 3
21 26 1
21 78 8
21 72 3
21 43 4
21 39 6
21 68 6
21 66 9
21 76 1
21 82 4
21 96 5
21 99 1
21 71 10
21 74 1
21 32 6
21 90 1
22 98 10
22 39 7
22 85 2
22 74 5
22 38 3
22 33 9
22 58 1
22 42 3
22 43 2
22 95 2
22 61 7
22 77 8
22 32 8
22 67 4
22 79 2
22 26 9
22 86 2
22 64 9
22 87 10
22 45 9
22 99 4
22 82 1
22 28 9
22 60 3
22 56 2
22 75 2
22 92 8
22 93 4
22 59 2
22 27 5
22 97 3
22 52 10
22 70 2
22 84 4
22 31 7
22 48 9
22 25 2
22 46 7
22 100 4
22 91 1
22 63 3
22 36 10
22 78 7
22 54 9
22 47 6
22 94 3
22 81 3
22 49 10
22 35 7
22 80 10
22 30 3
22 66 8
22 34 9
22 44 4
22 53 10
22 37 1
22 96 7
22 76 1
22 40 3
22 68 2
22 62 10
22 89 8
22 90 2
22 71 3
22 88 7
22 72 7
22 50 7
22 73 6
22 83 1
22 24 4
22 29 5
23 100 10
23 44 10
23 98 2
23 71 3
23 39 3
23 89 9
23 42 9
23 35 9
23 83 4
23 87 2
23 90 6
23 43 2
23 78 4
23 24 10
23 94 6
23 76 1
23 48 7
23 51 3
23 96 8
23 26 1
23 27 5
23 47 2
23 45 2
23 34 2
23 75 10
23 28 8
23 79 9
23 41 7
23 56 2
23 40 3
23 57 1
23 32 3
23 73 9
23 62 9
23 99 3
23 61 3
23 25 9
23 84 6
23 36 8
23 31 10
23 64 6
23 88 2
23 37 8
23 91 9
23 74 6
23 68 4
23 93 3
23 69 10
23 67 4
23 52 1
23 72 7
23 50 3
23 53 5
23 70 1
23 85 3
23 77 8
23 60 4
23 97 10
23 92 3
23 58 1
23 49 4
23 33 10
23 55 5
23 63 5
23 38 5
23 59 4
23 29 10
23 80 4
24 77 3
24 62 9
24 38 5
24 69 3
24 53 5
24 42 10
24 88 6
24 36 7
24 74 4
24 70 10
24 100 9
24 86 9
24 97 5
24 35 1
24 29 9
24 81 1
24 87 4
24 71 8
24 60 5
24 66 10
24 32 8
24 94 1
24 76 1
24 93 1
24 33 6
24 56 8
24 99 5
24 75 3
24 31 7
24 83 7
24 48 4
24 65 7
24 84 7
24 91 3
24 78 2
24 39 2
24 45 4
24 80 7
24 50 7
24 73 2
24 67 8
24 82 2
24 61 9
24 30 2
24 28 1
24 26 3
24 79 7
24 51 1
24 98 4
24 90 1
24 58 9
24 41 7
24 34 6
24 25 10
24 43 7
24 47 7
24 59 6
24 96 3
24 55 5
24 92 2
24 54 3
24 27 4
24 57 3
24 46 6
24 49 2
24 37 10
24 72 2
24 68 3
24 40 10
25 31 9
25 96 3
25 40 4
25 100 7
25 39 5
25 86 5
25 66 7
25 80 9
25 45 1
25 35 6
25 78 5
25 97 2
25 64 1
25 30 9
25 87 4
25 93 8
25 71 1
25 89 5
25 47 9
25 54 9
25 61 8
25 34 6
25 37 3
25 55 2
25 92 9
25 75 7
25 91 9
25 95 2
25 84 9
25 72 8
25 41 10
25 27 1
25 65 4
25 62 3
25 57 8
25 82 4
25 29 6
25 32 3
25 76 10
25 43 6
25 83 2
25 77 4
25 33 7
25 46 9
25 26 5
25 94 4
25 70 5
25 69 10
25 90 5
25 68 3
25 88 6
25 44 7
25 58 10
25 53 3
25 98 2
25 59 3
25 28 2
25 74 7
25 81 5
25 73 8
25 48 4
25 67 5
25 79 5
25 50 3
25 99 6
25 60 2
25 56 10
25 49 3
25 42 1
25 52 7
25 63 9
25 36 3
26 66 9
26 52 2
26 81 5
26 68 4
26 84 3
26 63 1
26 82 7
26 34 7
26 88 2
26 97 8
26 76 1
26 32 6
26 78 2
26 72 6
26 46 9
26 30 10
26 80 1
26 41 10
26 44 3
26 38 10
26 31 6
26 73 6
26 39 9
26 42 9
26 85 2
26 51 9
26 56 2
26 45 5
26 99 7
26 62 2
26 28 9
26 57 2
26 61 8
26 100 8
26 95 6
26 36 1
26 27 7
26 29 5
26 40 1
26 74 5
26 83 3
26 54 9
26 43 10
26 59 5
26 92 6
26 60 5
26 58 8
26 71 2
26 50 3
26 91 7
26 75 8
26 77 9
26 93 8
26 67 2
26 79 2
26 49 4
26 89 6
26 87 7
26 37 10
27 54 8
27 42 5
27 69 6
27 70 3
27 75 8
27 50 3
27 98 5
27 96 7
27 97 7
27 39 9
27 62 10
27 76 4
27 82 2
27 87 7
27 85 8
27 64 7
27 78 6
27 95 2
27 74 9
27 59 8
27 90 7
27 33 3
27 93 4
27 35 4
27 57 7
27 67 9
27 53 6
27 41 8
27 86 1
27 72 5
27 44 3
27 36 10
27 52 4
27 100 6
27 37 10
27 55 5
27 65 10
27 91 2
27 88 6
27 31 2
27 80 1
27 48 5
27 47 9
27 32 2
27 71 4
27 68 5
27 29 7
27 63 2
27 45 1
27 43 4
27 60 2
27 81 3
27 58 8
27 30 4
27 79 4
27 38 2
27 28 2
27 46 8
27 34 10
27 40 9
27 77 4
27 73 8
27 49 5
27 61 7
27 89 2
27 92 3
27 84 8
28 40 2
28 54 1
28 29 8
28 47 2
28 88 4
28 89 9
28 49 4
28 96 8
28 90 10
28 67 6
28 41 4
28 61 6
28 86 8
28 75 6
28 56 2
28 87 2
28 36 8
28 92 5
28 95 1
28 65 5
28 77 1
28 91 6
28 64 8
28 71 7
28 50 9
28 59 7
28 62 9
28 55 6
28 38 1
28 53 4
28 31 4
28 73 1
28 51 8
28 52 8
28 39 9
28 46 7
28 33 8
28 43 4
28 72 5
28 78 5
28 83 4
28 63 1
28 80 1
28 74 4
28 70 4
28 81 1
28 93 3
28 68 9
28 57 10
28 48 6
28 32 6
28 97 3
28 66 6
28 100 5
28 85 1
28 99 9
28 42 10
28 34 9
28 98 3
28 82 5
28 58 8
28 35 6
28 30 9
28 60 5
28 84 8
28 45 7
28 94 5
28 44 9
29 91 6
29 55 5
29 61 7
29 86 10
29 44 8
29 32 8
29 75 1
29 82 5
29 71 7
29 35 7
29 58 6
29 89 4
29 80 2
29 47 8
29 95 8
29 56 8
29 60 2
29 77 7
29 85 8
29 90 6
29 39 9
29 64 8
29 31 2
29 36 10
29 46 9
29 84 8
29 70 6
29 94 7
29 45 6
29 53 4
29 49 5
29 83 7
29 51 8
29 76 10
29 57 2
29 88 6
29 92 4
29 43 10
29 42 10
29 48 1
29 66 10
29 67 6
29 81 2
29 72 3
29 99 1
29 38 6
29 73 3
29 30 1
29 34 10
29 98 8
29 100 7
29 50 8
29 74 2
29 59 8
29 78 7
29 69 3
29 52 8
29 96 4
29 79 1
29 93 9
29 37 9
29 63 5
30 84 4
30 36 4
30 75 4
30 40 6
30 95 6
30 89 6
30 63 9
30 38 6
30 64 3
30 72 6
30 93 7
30 33 10
30 60 7
30 90 9
30 79 4
30 65 6
30 56 3
30 98 2
30 57 8
30 46 2
30 44 10
30 50 10
30 32 10
30 48 7
30 97 10
30 34 4
30 31 4
30 69 1
30 83 7
30 68 7
30 43 10
30 59 4
30 55 4
30 87 5
30 91 1
30 62 5
30 92 4
30 85 8
30 76 10
30 77 1
30 54 5
30 82 1
30 99 2
30 86 5
30 67 8
30 100 4
30 80 5
30 58 5
30 94 1
30 52 8
30 51 9
30 61 9
30 39 3
30 47 7
30 41 5
30 35 5
30 66 8
30 74 4
30 73 6
30 42 8
30 70 8
30 81 2
30 96 7
31 49 1
31 46 7
31 80 10
31 85 7
31 42 3
31 61 9
31 82 7
31 59 4
31 98 1
31 72 1
31 32 9
31 92 4
31 36 3
31 33 7
31 43 1
31 83 9
31 40 8
31 77 5
31 55 9
31 48 9
31 35 9
31 52 7
31 94 6
31 62 3
31 57 2
31 99 10
31 67 8
31 66 4
31 64 7
31 51 6
31 74 7
31 96 4
31 58 3
31 76 2
31 84 10
31 91 6
31 97 7
31 63 7
31 89 4
31 56 7
31 73 1
31 78 1
31 50 10
31 54 4
31 75 10
31 38 3
31 47 1
31 95 10
31 65 1
31 41 4
31 88 4
31 37 2
31 60 8
31 69 1
31 86 4
31 81 8
31 90 1
31 44 8
31 45 1
31 68 8
31 34 2
31 87 8
32 89 2
32 60 7
32 65 1
32 97 8
32 52 10
32 48 4
32 67 2
32 46 5
32 45 3
32 54 6
32 84 8
32 49 1
32 73 1
32 80 5
32 86 9
32 83 2
32 71 7
32 88 9
32 41 6
32 74 2
32 51 8
32 93 4
32 78 5
32 47 6
32 94 8
32 55 4
32 91 2
32 33 1
32 53 3
32 70 1
32 56 4
32 34 6
32 99 5
32 43 4
32 64 3
32 38 6
32 90 5
32 75 3
32 61 2
32 44 5
32 35 5
32 76 4
32 92 5
32 63 7
32 79 5
32 62 2
32 36 2
32 66 10
32 50 5
32 58 10
32 68 1
32 57 8
32 96 2
32 95 5
32 72 2
32 98 9
32 87 3
32 77 8
32 59 7
32 39 5
32 69 8
32 82 6
32 37 10
33 73 5
33 34 4
33 56 8
33 38 10
33 51 8
33 49 6
33 82 7
33 61 10
33 60 3
33 87 1
33 76 8
33 47 7
33 98 7
33 59 6
33 100 7
33 37 3
33 69 2
33 88 2
33 63 3
33 54 1
33 42 5
33 70 1
33 94 8
33 53 5
33 43 6
33 89 8
33 40 7
33 39 4
33 57 10
33 67 1
33 99 8
33 41 3
33 45 5
33 66 9
33 96 9
33 81 4
33 72 2
33 78 7
33 36 7
33 64 2
33 84 7
33 46 3
33 58 10
33 50 9
33 93 9
33 85 1
33 55 5
33 95 10
33 62 10
33 68 5
33 65 7
33 44 1
33 92 6
33 91 3
33 35 5
33 48 1
33 74 1
33 75 4
34 43 5
34 51 2
34 38 4
34 66 4
34 81 4
34 100 10
34 59 10
34 77 9
34 57 6
34 69 5
34 54 6
34 78 10
34 84 2
34 85 6
34 86 5
34 83 10
34 50 7
34 62 4
34 41 9
34 64 6
34 97 7
34 47 8
34 39 4
34 94 3
34 53 8
34 58 5
34 70 8
34 55 8
34 49 8
34 42 2
34 61 2
34 60 8
34 98 2
34 71 1
34 68 1
34 92 6
34 56 10
34 79 7
34 45 6
34 99 2
34 89 3
34 74 2
34 73 3
34 35 3
34 63 9
34 96 7
34 90 3
34 36 5
34 48 7
34 65 4
34 44 4
34 72 9
34 91 6
34 95 4
34 40 8
34 46 10
34 80 3
34 52 2
34 82 7
34 87 10
34 75 7
34 37 2
35 73 4
35 100 9
35 80 1
35 37 5
35 98 7
35 60 2
35 58 9
35 39 10
35 92 2
35 54 9
35 84 8
35 46 6
35 74 5
35 79 2
35 40 6
35 59 1
35 82 5
35 83 5
35 63 10
35 89 10
35 48 6
35 95 8
35 91 4
35 65 7
35 43 6
35 85 6
35 50 5
35 56 2
35 77 4
35 99 9
35 69 6
35 61 6
35 57 7
35 64 9
35 62 5
35 36 2
35 94 10
35 93 4
35 70 1
35 88 4
35 49 7
35 52 2
35 75 6
35 81 9
35 76 3
35 87 9
35 97 9
35 90 6
35 45 3
35 44 7
35 66 5
35 67 8
35 71 3
35 51 2
35 38 5
35 47 7
35 41 1
35 55 10
35 53 8
35 86 7
35 96 10
35 68 5
36 50 10
36 77 4
36 53 1
36 95 10
36 88 1
36 52 9
36 70 7
36 51 3
36 82 9
36 61 9
36 71 1
36 98 10
36 80 6
36 89 5
36 87 5
36 78 6
36 93 6
36 72 8
36 40 9
36 56 10
36 97 8
36 73 9
36 44 3
36 79 5
36 67 1
36 99 7
36 60 9
36 86 9
36 55 6
36 58 7
36 62 6
36 92 2
36 76 1
36 91 7
36 57 5
36 100 9
36 39 3
36 49 10
36 65 4
36 85 7
36 68 10
36 41 7
36 43 6
36 75 6
36 54 3
36 90 6
36 38 5
36 66 9
36 74 4
36 69 9
36 47 9
36 48 7
37 43 10
37 63 9
37 97 7
37 81 4
37 55 8
37 99 4
37 85 7
37 60 2
37 82 2
37 53 4
37 39 1
37 41 10
37 59 3
37 89 6
37 80 10
37 61 2
37 83 2
37 73 4
37 45 6
37 48 7
37 58 2
37 49 1
37 44 2
37 84 10
37 69 8
37 64 10
37 70 9
37 100 5
37 86 7
37 71 8
37 57 2
37 87 8
37 42 6
37 88 2
37 62 3
37 74 8
37 92 5
37 76 4
37 65 9
37 40 5
37 52 4
37 79 10
37 90 9
37 50 10
37 66 5
37 91 7
37 93 9
37 75 9
37 94 10
37 67 7
37 72 2
37 68 10
37 77 2
37 54 5
38 73 5
38 98 9
38 51 4
38 44 7
38 93 3
38 42 10
38 65 3
38 88 2
38 92 4
38 77 5
38 82 9
38 40 4
38 56 10
38 46 10
38 47 9
38 89 5
38 66 9
38 53 2
38 68 5
38 58 9
38 60 8
38 39 5
38 45 6
38 54 5
38 55 3
38 52 10
38 97 6
38 83 9
38 79 2
38 61 7
38 57 10
38 90 4
38 50 7
38 48 8
38 72 6
38 64 8
38 76 1
38 71 2
38 84 8
38 69 6
38 99 2
38 59 9
38 94 10
38 63 8
38 75 8
38 74 8
38 86 6
38 49 8
38 81 8
38 67 7
39 61 7
39 43 1
39 83 5
39 54 8
39 76 8
39 80 9
39 82 2
39 44 5
39 48 2
39 69 1
39 62 5
39 87 8
39 100 5
39 42 6
39 91 1
39 60 2
39 56 9
39 74 9
39 63 1
39 97 5
39 65 1
39 78 10
39 96 2
39 53 9
39 64 1
39 50 10
39 94 4
39 57 5
39 51 6
39 88 7
39 40 8
39 75 10
39 49 6
39 41 3
39 46 4
39 73 6
39 52 8
39 68 9
39 77 3
39 81 8
39 71 4
39 84 2
39 66 10
39 98 5
39 58 3
39 67 8
39 45 9
39 90 5
39 92 7
39 99 9
39 93 10
39 59 2
39 86 8
39 72 5
39 79 3
39 95 3
39 89 10
40 96 3
40 93 3
40 44 9
40 90 4
40 58 7
40 63 2
40 42 5
40 62 3
40 55 9
40 65 2
40 81 4
40 66 9
40 92 1
40 48 6
40 45 4
40 79 4
40 46 9
40 53 5
40 76 6
40 52 3
40 82 5
40 60 1
40 61 3
40 95 2
40 47 1
40 84 6
40 97 10
40 80 4
40 87 4
40 73 2
40 88 6
40 50 7
40 57 7
40 83 7
40 100 10
40 43 6
40 71 9
40 59 7
40 85 4
40 99 6
40 69 1
40 56 1
40 78 6
40 67 8
40 51 8
40 74 7
40 68 9
40 54 7
40 64 4
40 91 10
40 75 7
40 72 2
40 70 5
40 77 8
40 49 5
40 98 4
40 41 2
41 74 4
41 59 8
41 73 8
41 46 3
41 70 9
41 86 9
41 82 5
41 64 4
41 98 8
41 61 10
41 56 4
41 49 4
41 60 5
41 89 5
41 54 10
41 80 8
41 43 9
41 48 8
41 78 5
41 96 8
41 85 6
41 65 4
41 58 10
41 72 2
41 68 6
41 97 7
41 83 10
41 57 10
41 67 7
41 55 5
41 90 3
41 69 7
41 75 5
41 79 8
41 53 8
41 63 1
41 47 10
41 92 8
41 71 10
41 84 6
41 99 6
41 51 6
41 62 1
41 81 2
41 88 6
41 77 9
41 44 10
41 45 3
41 50 3
41 87 8
41 91 3
41 94 10
41 95 1
41 93 7
42 81 3
42 85 6
42 83 3
42 99 10
42 61 1
42 57 9
42 46 8
42 67 4
42 43 1
42 95 1
42 44 10
42 94 1
42 90 4
42 68 2
42 63 2
42 82 4
42 98 10
42 56 5
42 50 6
42 55 8
42 45 1
42 72 7
42 51 5
42 65 8
42 66 8
42 79 9
42 48 4
42 88 7
42 69 1
42 87 1
42 73 10
42 47 2
42 70 4
42 60 8
42 86 1
42 76 4
42 58 1
42 54 2
42 75 2
42 84 5
42 62 7
42 64 5
42 49 1
42 92 6
42 80 8
42 53 10
42 78 10
42 96 3
42 52 3
42 97 6
42 93 2
42 100 4
42 77 2
42 74 3
42 59 1
42 89 6
43 75 6
43 64 4
43 54 9
43 84 10
43 53 1
43 44 5
43 45 5
43 66 1
43 83 4
43 78 9
43 99 6
43 69 2
43 80 8
43 56 2
43 57 8
43 85 2
43 88 8
43 79 6
43 58 4
43 55 3
43 93 9
43 100 9
43 48 5
43 97 8
43 96 9
43 65 8
43 51 2
43 94 2
43 46 9
43 62 4
43 71 8
43 52 9
43 74 6
43 50 10
43 61 4
43 49 3
43 76 3
43 92 9
43 86 5
43 59 7
43 47 6
43 95 1
43 68 3
43 87 7
43 82 9
43 67 5
43 98 2
43 60 9
43 73 9
44 45 5
44 55 4
44 98 1
44 64 10
44 47 5
44 77 8
44 52 1
44 87 8
44 93 7
44 75 10
44 56 5
44 60 2
44 82 1
44 66 10
44 85 2
44 65 6
44 69 2
44 81 10
44 76 10
44 92 8
44 49 6
44 100 1
44 83 1
44 94 1
44 73 3
44 68 6
44 48 2
44 63 4
44 80 7
44 70 7
44 53 6
44 88 7
44 61 3
44 50 9
44 51 7
44 99 2
44 90 3
44 91 2
44 84 1
44 74 2
44 95 5
44 72 1
44 46 9
44 59 5
44 58 3
44 57 2
44 79 8
44 86 4
44 78 2
44 67 8
44 96 6
44 71 6
45 98 9
45 91 2
45 75 4
45 51 2
45 63 10
45 72 6
45 61 7
45 87 9
45 50 3
45 90 7
45 69 9
45 78 9
45 68 2
45 47 8
45 92 5
45 52 8
45 86 7
45 60 9
45 96 9
45 54 7
45 76 4
45 49 5
45 58 4
45 95 1
45 82 1
45 46 9
45 93 9
45 55 1
45 62 10
45 80 4
45 73 2
45 99 7
45 79 6
45 88 3
45 56 8
45 67 7
45 71 9
45 65 6
45 59 8
45 77 4
45 89 2
45 84 4
45 64 6
45 57 4
45 53 7
45 81 6
45 85 3
45 74 4
45 100 9
45 66 3
45 83 3
46 78 1
46 57 7
46 49 9
46 98 1
46 69 9
46 94 2
46 88 2
46 55 10
46 93 5
46 74 8
46 91 4
46 81 1
46 77 1
46 64 8
46 63 1
46 85 6
46 60 9
46 87 9
46 54 6
46 83 7
46 75 2
46 47 4
46 67 2
46 59 5
46 66 5
46 97 4
46 82 7
46 76 4
46 70 9
46 72 5
46 68 3
46 99 2
46 65 8
46 96 9
46 80 2
46 92 7
46 71 3
46 90 10
46 73 9
46 100 2
46 50 2
46 62 10
46 53 10
46 51 2
46 58 6
46 86 6
46 84 8
47 98 3
47 63 8
47 60 10
47 93 6
47 94 6
47 68 1
47 50 3
47 75 5
47 55 8
47 97 1
47 82 6
47 80 9
47 90 9
47 48 4
47 77 4
47 91 10
47 74 4
47 70 9
47 83 6
47 61 3
47 72 6
47 65 10
47 100 1
47 76 9
47 51 7
47 86 3
47 56 7
47 66 6
47 78 4
47 49 9
47 53 10
47 73 1
47 52 4
47 71 2
47 99 8
47 62 10
47 89 10
47 85 6
47 95 1
47 79 9
47 67 1
47 69 10
47 84 9
47 88 7
47 57 4
47 59 9
47 96 1
47 58 6
47 64 3
48 49 5
48 88 8
48 51 10
48 50 7
48 80 4
48 60 3
48 85 3
48 57 10
48 65 3
48 54 10
48 93 5
48 69 8
48 63 10
48 56 1
48 67 4
48 53 6
48 94 8
48 96 4
48 70 1
48 75 8
48 76 2
48 55 7
48 61 7
48 81 6
48 77 4
48 98 6
48 84 5
48 59 1
48 95 1
48 64 10
48 86 1
48 79 4
48 78 2
48 87 2
48 83 7
48 73 8
48 74 8
48 90 5
48 62 7
48 71 4
48 99 4
49 71 9
49 62 1
49 51 4
49 100 3
49 96 9
49 70 5
49 82 2
49 77 3
49 92 6
49 78 2
49 99 8
49 83 1
49 94 10
49 93 5
49 88 10
49 76 6
49 69 5
49 60 8
49 57 2
49 50 3
49 79 7
49 72 8
49 80 7
49 89 5
49 53 10
49 84 8
49 56 1
49 86 9
49 61 9
49 55 5
49 75 9
49 87 5
49 58 10
49 90 3
49 52 10
49 65 9
49 81 7
49 97 2
49 67 6
49 98 10
49 74 9
49 91 9
49 95 1
49 54 1
49 66 4
49 63 6
50 82 2
50 97 2
50 83 8
50 57 5
50 53 5
50 81 1
50 96 3
50 93 9
50 71 1
50 56 6
50 64 9
50 58 1
50 94 9
50 79 9
50 100 4
50 95 5
50 51 7
50 72 7
50 69 5
50 99 1
50 66 1
50 60 8
50 80 8
50 63 7
50 90 9
50 65 1
50 52 8
50 91 2
50 54 2
50 85 5
50 98 3
50 92 4
50 75 2
50 55 4
50 87 1
50 89 2
50 73 3
50 86 1
50 61 2
50 77 6
50 74 5
50 59 10
50 76 8
50 84 8
50 67 1
50 78 1
51 97 1
51 67 7
51 53 1
51 82 2
51 79 8
51 92 1
51 85 9
51 89 6
51 59 5
51 88 3
51 95 10
51 62 9
51 58 4
51 91 6
51 64 10
51 98 8
51 78 9
51 83 9
51 60 10
51 93 3
51 87 4
51 100 7
51 86 1
51 69 3
51 96 10
51 72 8
51 52 8
51 80 8
51 76 2
51 84 9
51 68 3
51 63 7
51 70 2
51 81 10
51 61 1
51 55 8
51 75 2
51 71 10
51 65 2
51 74 6
51 73 1
51 77 1
51 99 5
51 54 7
52 56 6
52 62 3
52 55 7
52 83 2
52 75 4
52 53 10
52 93 10
52 65 6
52 84 8
52 61 1
52 89 6
52 76 5
52 67 8
52 57 1
52 73 3
52 92 8
52 66 1
52 98 10
52 82 2
52 70 2
52 77 6
52 91 1
52 100 9
52 87 3
52 97 3
52 85 4
52 80 7
52 88 9
52 71 8
52 64 4
52 79 10
52 90 4
52 63 2
52 72 2
52 81 10
52 86 5
52 58 8
52 69 1
52 60 8
52 94 9
52 96 1
52 95 8
52 68 5
53 98 4
53 81 8
53 97 10
53 70 1
53 64 2
53 78 2
53 90 5
53 89 2
53 65 9
53 57 2
53 63 7
53 55 4
53 83 1
53 74 4
53 95 10
53 75 4
53 87 6
53 69 9
53 99 6
53 80 1
53 96 2
53 85 9
53 68 4
53 86 7
53 61 6
53 71 7
53 93 5
53 56 8
53 94 8
53 73 5
53 58 2
53 91 6
53 76 9
53 88 6
53 67 6
53 59 2
53 66 1
53 79 9
53 72 7
53 77 6
53 92 9
54 75 6
54 94 9
54 97 6
54 84 4
54 90 9
54 71 7
54 57 9
54 81 3
54 62 5
54 86 9
54 55 9
54 65 4
54 68 6
54 99 9
54 56 5
54 70 8
54 87 6
54 77 4
54 78 10
54 66 1
54 79 4
54 63 9
54 61 4
54 92 10
54 64 9
54 85 2
54 67 7
54 58 9
54 83 4
54 69 4
54 96 7
54 74 6
54 72 7
54 95 8
54 93 9
54 76 6
54 82 3
54 100 7
54 60 4
54 98 1
54 80 7
54 91 5
55 82 2
55 69 8
55 76 10
55 63 5
55 84 8
55 90 5
55 92 10
55 56 8
55 78 5
55 70 7
55 81 2
55 85 1
55 89 5
55 77 3
55 96 9
55 99 10
55 94 4
55 97 2
55 100 9
55 65 1
55 59 1
55 79 5
55 73 7
55 87 4
55 75 5
55 72 8
55 66 3
55 58 10
55 83 10
55 60 2
55 93 5
55 61 3
55 86 7
55 74 3
55 57 4
55 64 4
55 68 3
55 80 2
55 67 9
56 91 7
56 75 1
56 85 8
56 80 7
56 92 9
56 96 1
56 94 9
56 73 3
56 99 6
56 62 8
56 57 7
56 71 9
56 65 2
56 88 5
56 76 2
56 61 4
56 84 4
56 79 7
56 68 4
56 81 1
56 83 9
56 74 10
56 70 10
56 97 9
56 67 4
56 64 4
56 89 5
56 90 5
56 58 7
56 77 9
56 72 8
56 87 8
56 86 10
56 82 8
56 66 3
56 78 7
56 69 3
56 60 5
56 63 4
57 59 10
57 66 9
57 70 10
57 84 5
57 77 5
57 63 10
57 95 4
57 69 1
57 75 10
57 90 10
57 58 4
57 74 8
57 80 7
57 94 9
57 89 3
57 100 10
57 79 1
57 86 3
57 78 5
57 87 5
57 68 3
57 62 9
57 96 9
57 61 2
57 93 3
57 83 7
57 85 9
57 76 9
57 64 10
57 65 10
57 71 3
57 91 6
57 67 7
57 60 2
57 72 8
57 98 8
57 82 4
57 81 8
57 73 1
58 83 3
58 93 3
58 97 4
58 80 6
58 76 5
58 72 8
58 85 6
58 65 7
58 60 1
58 68 1
58 90 6
58 71 3
58 89 1
58 81 3
58 82 4
58 87 10
58 77 9
58 62 8
58 92 4
58 94 7
58 61 2
58 75 4
58 59 3
58 73 8
58 63 5
58 98 2
58 99 9
58 69 8
58 86 9
58 66 8
58 84 4
58 91 2
58 88 8
58 74 10
58 64 1
58 67 1
58 100 7
58 78 9
58 70 2
59 80 5
59 79 2
59 85 10
59 72 5
59 70 6
59 66 1
59 91 2
59 71 10
59 94 9
59 75 10
59 77 9
59 62 10
59 86 4
59 92 10
59 83 10
59 82 9
59 98 3
59 88 3
59 95 1
59 60 6
59 61 10
59 73 8
59 99 3
59 68 8
59 65 4
59 96 5
59 69 3
59 67 7
59 100 2
59 84 10
59 97 9
59 63 4
59 87 6
59 81 6
60 69 4
60 81 9
60 83 3
60 89 5
60 85 9
60 77 1
60 98 9
60 75 9
60 84 2
60 68 9
60 66 6
60 96 9
60 62 2
60 91 8
60 87 6
60 92 7
60 63 4
60 94 5
60 76 8
60 99 4
60 72 6
60 82 5
60 100 2
60 86 3
60 65 1
60 80 3
60 79 1
60 88 2
60 67 6
60 61 1
60 78 5
60 64 8
60 74 7
60 90 2
60 71 7
60 70 9
61 62 7
61 91 4
61 65 3
61 81 7
61 96 1
61 79 4
61 66 9
61 86 2
61 93 3
61 95 1
61 85 9
61 70 7
61 94 2
61 77 2
61 98 9
61 68 1
61 82 3
61 92 9
61 78 6
61 64 10
61 76 2
61 63 3
61 84 2
61 100 10
61 99 3
61 88 8
61 71 1
61 87 3
61 97 6
61 75 7
61 89 10
61 74 2
61 69 6
61 83 2
61 90 5
61 73 7
61 80 6
61 67 9
62 69 10
62 92 9
62 78 10
62 100 8
62 67 9
62 87 3
62 88 2
62 97 1
62 80 6
62 68 3
62 73 2
62 91 2
62 94 8
62 79 8
62 95 10
62 96 5
62 71 7
62 85 5
62 82 1
62 65 10
62 70 1
62 64 7
62 83 4
62 84 6
62 98 7
62 90 1
62 72 2
62 76 1
62 77 1
62 99 10
62 86 10
62 89 9
62 66 5
62 93 4
62 63 10
63 84 2
63 100 9
63 66 8
63 98 1
63 65 1
63 79 3
63 94 1
63 71 4
63 68 2
63 76 7
63 81 3
63 97 9
63 73 2
63 74 6
63 85 1
63 78 10
63 87 9
63 77 5
63 64 3
63 70 1
63 96 9
63 92 7
63 86 8
63 69 8
63 89 3
63 72 10
63 88 6
63 83 5
63 67 8
63 75 6
63 95 10
63 82 1
64 94 10
64 93 2
64 72 10
64 99 2
64 89 7
64 80 4
64 81 7
64 76 8
64 67 2
64 83 4
64 98 2
64 90 3
64 71 6
64 78 1
64 74 2
64 75 3
64 92 3
64 95 3
64 77 7
64 66 7
64 82 9
64 65 6
64 69 1
64 87 10
64 73 9
64 70 7
64 96 9
64 84 4
64 86 1
65 78 10
65 98 3
65 86 3
65 77 8
65 99 4
65 67 3
65 100 4
65 91 10
65 83 1
65 76 1
65 79 9
65 94 7
65 69 8
65 81 4
65 75 3
65 68 5
65 96 7
65 89 8
65 66 3
65 85 1
65 95 3
65 84 4
65 97 2
65 88 6
65 90 7
65 80 8
65 87 10
65 93 1
65 71 6
65 70 4
65 74 2
65 72 4
65 92 5
65 82 5
66 97 4
66 81 2
66 80 9
66 75 4
66 88 2
66 98 9
66 82 9
66 69 6
66 72 10
66 96 7
66 68 4
66 100 2
66 85 7
66 78 1
66 91 4
66 94 2
66 90 1
66 70 10
66 67 5
66 95 7
66 83 4
66 77 9
66 87 1
66 79 2
66 99 7
66 93 3
66 73 2
66 71 8
66 89 5
66 92 3
66 74 2
67 79 6
67 96 4
67 83 7
67 89 2
67 74 6
67 88 3
67 84 6
67 68 6
67 69 9
67 99 9
67 70 10
67 85 7
67 87 8
67 98 3
67 92 4
67 78 4
67 76 10
67 73 4
67 95 5
67 97 9
67 72 6
67 80 2
67 71 2
67 90 1
67 82 8
67 100 5
67 93 3
67 94 8
67 77 1
67 75 3
67 81 2
68 81 4
68 84 8
68 72 1
68 83 4
68 78 6
68 79 3
68 92 4
68 95 4
68 76 5
68 86 9
68 69 8
68 77 2
68 80 6
68 70 7
68 82 3
68 75 4
68 94 3
68 98 7
68 87 6
68 97 7
68 74 5
68 91 10
68 100 7
68 85 8
68 88 1
68 99 1
68 71 7
68 90 9
68 89 5
68 96 5
69 92 8
69 71 1
69 72 8
69 99 1
69 96 6
69 97 6
69 82 8
69 98 6
69 81 6
69 84 10
69 91 4
69 83 6
69 88 10
69 78 1
69 87 10
69 74 1
69 86 4
69 75 8
69 94 5
69 90 4
69 79 5
69 73 7
69 77 1
69 80 8
69 70 5
69 76 1
69 95 2
69 89 7
69 85 3
70 82 2
70 89 1
70 81 8
70 86 7
70 96 5
70 93 7
70 75 9
70 77 4
70 95 7
70 87 5
70 83 10
70 84 9
70 91 2
70 76 2
70 98 2
70 99 9
70 74 10
70 80 9
70 85 4
70 71 6
70 92 2
70 78 7
70 97 3
70 79 2
71 95 5
71 80 3
71 77 5
71 75 6
71 78 9
71 73 1
71 92 7
71 93 7
71 94 3
71 82 9
71 85 3
71 76 3
71 81 2
71 98 3
71 84 2
71 91 4
71 99 1
71 97 7
71 96 5
71 79 8
71 89 9
71 87 4
71 83 7
71 74 7
71 90 3
72 83 6
72 100 7
72 75 6
72 94 9
72 81 7
72 73 8
72 82 8
72 93 6
72 89 6
72 84 4
72 74 6
72 78 1
72 76 2
72 80 9
72 98 8
72 88 10
72 87 5
72 85 10
72 96 9
72 90 7
72 79 1
72 99 7
72 97 1
72 92 7
72 91 1
73 84 7
73 97 6
73 74 2
73 96 9
73 82 4
73 94 3
73 89 4
73 81 1
73 83 4
73 80 8
73 78 5
73 86 5
73 76 8
73 99 8
73 87 6
73 79 8
73 75 3
73 77 8
73 93 10
73 100 10
73 92 9
73 95 10
73 98 5
74 96 8
74 89 9
74 98 5
74 85 5
74 94 4
74 99 7
74 78 3
74 86 8
74 90 8
74 93 7
74 87 1
74 80 5
74 81 3
74 79 10
74 88 6
74 76 2
74 92 4
74 95 9
74 75 3
74 97 4
74 82 1
75 89 4
75 81 2
75 95 1
75 82 6
75 99 8
75 85 3
75 98 8
75 94 4
75 83 9
75 88 1
75 78 7
75 76 10
75 96 8
75 80 9
75 91 3
75 92 6
75 90 9
75 84 9
75 87 3
75 93 9
75 97 8
75 86 9
75 79 10
75 100 5
76 88 2
76 100 8
76 85 7
76 93 2
76 78 10
76 95 1
76 97 7
76 83 3
76 86 4
76 91 2
76 80 5
76 79 9
76 82 10
76 90 7
76 77 9
76 81 6
76 98 7
76 84 9
76 96 9
76 89 4
76 99 5
77 87 6
77 90 4
77 86 4
77 85 5
77 83 7
77 78 2
77 98 2
77 81 9
77 91 8
77 84 4
77 89 7
77 88 5
77 99 4
77 79 2
77 97 1
77 95 4
77 100 7
77 96 4
77 82 10
77 94 5
77 80 10
77 92 10
78 83 4
78 94 5
78 89 8
78 87 8
78 96 7
78 86 2
78 81 6
78 100 3
78 95 8
78 91 5
78 84 9
78 99 10
78 80 1
78 79 9
78 92 5
78 93 2
78 90 1
78 97 3
78 82 6
78 88 8
78 85 7
79 89 5
79 80 5
79 96 8
79 83 7
79 87 7
79 81 8
79 93 10
79 97 4
79 100 4
79 95 10
79 90 10
79 98 9
79 82 7
79 99 2
79 85 4
79 86 2
79 84 10
79 92 3
79 94 9
80 100 10
80 82 9
80 85 10
80 91 4
80 87 6
80 90 6
80 98 9
80 84 10
80 97 4
80 83 1
80 94 2
80 89 7
80 96 4
80 95 4
80 92 10
80 93 3
80 99 7
80 81 8
80 88 1
81 97 9
81 100 2
81 96 6
81 83 10
81 92 2
81 90 8
81 95 7
81 85 10
81 87 6
81 93 6
81 82 1
81 99 5
81 91 3
81 88 3
81 94 6
81 89 5
81 98 8
81 84 4
82 86 8
82 90 9
82 97 8
82 94 2
82 85 4
82 100 10
82 88 7
82 84 7
82 95 8
82 96 6
82 99 7
82 89 7
82 87 1
82 98 1
82 92 4
82 91 2
82 93 5
83 93 6
83 91 9
83 86 1
83 89 1
83 85 4
83 97 8
83 99 2
83 100 8
83 98 10
83 96 10
83 90 4
83 87 3
83 88 1
83 95 8
83 94 8
83 92 1
84 90 5
84 87 1
84 93 1
84 86 2
84 98 4
84 100 7
84 99 7
84 97 9
84 94 4
84 96 2
84 91 9
84 95 7
84 89 1
84 88 2
84 85 8
85 93 5
85 94 8
85 99 9
85 90 5
85 89 9
85 87 4
85 86 1
85 88 7
85 100 10
85 97 9
85 95 2
85 96 6
85 91 7
85 98 3
86 96 7
86 90 4
86 97 7
86 99 8
86 94 10
86 88 9
86 92 2
86 95 4
86 93 3
86 98 2
86 100 1
86 89 4
87 90 3
87 93 2
87 95 7
87 89 3
87 91 2
87 96 2
87 88 8
87 97 8
87 92 9
87 99 7
87 94 2
87 100 5
88 94 9
88 91 3
88 95 8
88 97 10
88 90 6
88 100 3
88 92 8
88 98 1
89 99 10
89 91 2
89 96 6
89 97 4
89 93 5
89 95 1
89 90 2
89 94 4
89 98 2
89 92 9
90 100 1
90 92 5
90 98 10
90 91 3
90 94 3
90 96 9
90 99 10
90 95 2
90 93 10
91 97 8
91 95 8
91 92 9
91 96 1
91 98 5
91 99 3
91 100 10
91 93 2
92 98 10
92 97 3
92 93 7
92 95 10
92 99 7
92 94 7
92 100 5
92 96 8
93 98 5
93 96 4
93 97 5
93 95 2
93 100 3
93 94 6
94 97 9
94 95 8
94 98 5
94 99 9
94 96 9
94 100 3
95 99 3
95 100 2
95 96 8
95 97 7
95 98 9
96 98 5
96 97 6
96 100 3
97 100 5
97 98 4
97 99 7
98 100 5
99 100 7
