300 4532 0 297 35
0 1 96 0 0.001
0 4 90 0 0.008
0 6 94 0 0.035
0 9 92 0 0.016
0 10 47 0 0.02
0 14 71 0 0.084
0 15 13 0 0.064
0 26 82 0 0.009
0 27 78 0 0.026
0 58 2 0 0.011
0 72 89 0 0.032
0 86 95 0 0.039
0 91 51 0 0.016
0 111 48 0 0.034
0 117 81 0 0.04
0 120 67 0 0.029
0 122 25 0 0.009
0 124 18 0 0.018
0 146 77 0 0.011
0 172 20 0 0.037
0 199 67 0 0.037
0 211 30 0 0.069
0 223 71 0 0.032
0 238 2 0 0.009
0 246 61 0 0.023
0 249 62 0 0.032
0 263 66 0 0.019
0 285 86 0 0.044
0 297 25 0 0.033
1 2 58 0.018 0.013
1 13 47 0.045 0.013
1 16 51 0.043 0.032
1 19 47 0.002 0.074
1 32 42 0.009 0.06
1 42 30 0.011 0.01
1 46 1 0.065 0.028
1 48 79 0.012 0.017
1 64 58 0.066 0.09
1 70 18 0.041 0.018
1 75 3 0.024 0.081
1 84 30 0.046 0.027
1 90 93 0.026 0.017
1 99 45 0.05 0.044
1 105 48 0.001 0.001
1 107 42 0.038 0.106
1 124 43 0.018 0.033
1 125 21 0.014 0.046
1 153 20 0.058 0.05
1 156 68 0.048 0.062
1 171 40 0.021 0.005
1 174 75 0.031 0.033
1 182 52 0.04 0.004
1 192 50 0.011 0.014
1 203 15 0.024 0.006
1 215 6 0.025 0.023
1 222 73 0.073 0.124
1 233 48 0.043 0.044
1 242 15 0.004 0.028
1 248 19 0.05 0.026
1 255 42 0.02 0.067
1 281 43 0.018 0.063
1 297 25 0.004 0.07
2 3 31 0.099 0.026
2 5 22 0.036 0.004
2 6 91 0.023 0.001
2 8 19 0.005 0.016
2 11 35 0.05 0.019
2 21 38 0.011 0.044
2 23 38 0.036 0.02
2 28 45 0.026 0.115
2 36 33 0.019 0.022
2 37 21 0.039 0.015
2 43 28 0.023 0.034
2 45 2 0.055 0.07
2 61 90 0.028 0.015
2 68 32 0.015 0.002
2 78 3 0.013 0.047
2 87 38 0.026 0.056
2 90 53 0.082 0.014
2 105 11 0.018 0.03
2 112 50 0.014 0.011
2 115 70 0.035 0.025
2 164 4 0.009 0.029
2 174 64 0.029 0.053
2 194 65 0.004 0.036
2 196 62 0.034 0.019
2 208 88 0.041 0.024
2 211 97 0.044 0.02
2 225 62 0.008 0.027
2 240 10 0.023 0.021
2 249 25 0.03 0.033
2 254 18 0.005 0.045
2 270 55 0.013 0.044
2 277 45 0.039 0.062
2 293 5 0.029 0.046
2 295 59 0.006 0.016
2 296 41 0.02 0.058
3 16 46 0.012 0.031
3 29 93 0.02 0.038
3 35 30 0.1 0.014
3 40 74 0.094 0.032
3 50 70 0.03 0.021
3 57 9 0.029 0.004
3 73 14 0.037 0.089
3 88 53 0.108 0.146
3 95 69 0.013 0.022
3 111 41 0.079 0.001
3 122 8 0.019 0.03
3 138 83 0.002 0.023
3 148 71 0.049 0.071
3 153 62 0.081 0.026
3 172 58 0.022 0.007
3 191 90 0.028 0.014
3 196 20 0.026 0.022
3 213 8 0.002 0.102
3 218 34 0.05 0.003
3 222 97 0.035 0.021
3 259 93 0.003 0.047
3 260 90 0.027 0.046
3 262 31 0.007 0.01
3 265 67 0.035 0.047
3 285 81 0.066 0.035
4 16 23 0.031 0.027
4 21 12 0.023 0.055
4 22 8 0.043 0.025
4 47 49 0.05 0.014
4 54 59 0.025 0.057
4 56 96 0.065 0.027
4 60 83 0.04 0.065
4 62 47 0.078 0.008
4 82 84 0.036 0.061
4 112 62 0.055 0.016
4 127 60 0.008 0.081
4 132 78 0.007 0.033
4 141 69 0.078 0.026
4 143 90 0.013 0.003
4 154 52 0.03 0.066
4 163 62 0.038 0.039
4 165 74 0.042 0.038
4 172 67 0.027 0.003
4 182 23 0.045 0.004
4 183 1 0.017 0.027
4 186 9 0.024 0.08
4 198 57 0.02 0.029
4 211 36 0.01 0.043
4 226 3 0.039 0.047
4 253 1 0.032 0.077
4 254 48 0.061 0.009
4 267 7 0.023 0.036
4 299 34 0.032 0.034
5 16 97 0.063 0.021
5 22 84 0.056 0.049
5 45 87 0.022 0.003
5 55 10 0.024 0.009
5 65 69 0.047 0.071
5 66 98 0.006 0.036
5 71 99 0.085 0.01
5 81 34 0.038 0.063
5 87 21 0.094 0.061
5 88 73 0.007 0.03
5 99 29 0.006 0.054
5 115 92 0.031 0.008
5 126 100 0.021 0.005
5 136 51 0.006 0.026
5 139 50 0.014 0.044
5 145 19 0.012 0.094
5 195 4 0.022 0.042
5 197 34 0.004 0.028
5 220 39 0.035 0.042
5 227 66 0.103 0.109
5 239 72 0.001 0.073
5 240 53 0.053 0.013
5 249 39 0.079 0.018
5 250 12 0.022 0.017
5 272 54 0.007 0.038
5 282 81 0.068 0.029
5 285 7 0.012 0.005
5 295 23 0.058 0.024
6 7 44 0.025 0.037
6 8 86 0.025 0.026
6 9 78 0.012 0.003
6 11 33 0.02 0.033
6 15 53 0.043 0.053
6 30 92 0.034 0.012
6 34 70 0.044 0.069
6 36 7 0.027 0.005
6 38 90 0.031 0.067
6 39 65 0.01 0.004
6 42 20 0.013 0.028
6 80 48 0.034 0.007
6 84 90 0.035 0.042
6 89 91 0.029 0.006
6 91 65 0.028 0.02
6 97 30 0.058 0.11
6 105 15 0.01 0.04
6 110 81 0.03 0.023
6 115 46 0.054 0.023
6 129 20 0.037 0.033
6 137 63 0.016 0.008
6 151 48 0.015 0.013
6 164 16 0.021 0.015
6 167 66 0.03 0.045
6 172 42 0.016 0.059
6 179 47 0.001 0.057
6 188 44 0.042 0.002
6 202 48 0.017 0.059
6 209 19 0.027 0.035
6 218 80 0.005 0.032
6 221 90 0.033 0.006
6 223 89 0.017 0.003
6 228 21 0.015 0.082
6 232 50 0.002 0.014
6 233 65 0.03 0.049
6 243 61 0.034 0.04
6 249 16 0.013 0.037
6 251 67 0.019 0.035
6 262 20 0.012 0.011
7 8 84 0.052 0.006
7 11 34 0.044 0.051
7 21 89 0.041 0.011
7 27 2 0.031 0.061
7 30 81 0.003 0.098
7 54 75 0.043 0.02
7 68 92 0.04 0.016
7 71 75 0.005 0.011
7 80 23 0.029 0.012
7 104 58 0.027 0.07
7 121 27 0.069 0.015
7 125 47 0.056 0.021
7 147 6 0.049 0.006
7 174 10 0.02 0.057
7 196 21 0.012 0.038
7 201 20 0.11 0.012
7 208 15 0.001 0.044
7 221 83 0.041 0.018
7 234 63 0.015 0.061
7 237 74 0.021 0.074
7 259 18 0.039 0.057
7 260 61 0.089 0.069
7 264 56 0.044 0.007
7 267 83 0.024 0.059
7 271 78 0.001 0.011
7 284 34 0.056 0.096
7 296 82 0.001 0.004
8 9 42 0.013 0.076
8 11 55 0.034 0.013
8 17 3 0.001 0.04
8 20 34 0.026 0.004
8 21 52 0.029 0.025
8 33 18 0.029 0.04
8 38 74 0.021 0.044
8 40 20 0.021 0.08
8 55 57 0.035 0.029
8 64 34 0.044 0.005
8 69 36 0.024 0.007
8 74 71 0.008 0.045
8 81 10 0.025 0.01
8 99 73 0.001 0.039
8 107 74 0.034 0.07
8 116 57 0.002 0.006
8 118 12 0.014 0.06
8 126 13 0.062 0.014
8 131 65 0.047 0.092
8 132 14 0.043 0.04
8 133 94 0.022 0.006
8 150 54 0.081 0.015
8 169 31 0.01 0.052
8 173 76 0.01 0.004
8 176 38 0.003 0.077
8 185 71 0.023 0.017
8 203 5 0.003 0.078
8 215 79 0.007 0.077
8 218 92 0.019 0.005
8 246 62 0.058 0.051
8 256 95 0.012 0.02
8 259 16 0.015 0.038
8 269 83 0.036 0.043
8 271 1 0.036 0.031
8 272 36 0.004 0.033
8 278 71 0.019 0.059
8 279 13 0.044 0.093
8 285 7 0.037 0.002
9 24 50 0.018 0.01
9 25 52 0.02 0.028
9 26 88 0.005 0.044
9 27 51 0.029 0.053
9 35 52 0.002 0.052
9 38 76 0.003 0.03
9 56 75 0.003 0.038
9 66 100 0.035 0.054
9 77 59 0.014 0.06
9 80 77 0.056 0.066
9 83 18 0.043 0.002
9 102 72 0.028 0.085
9 115 64 0.003 0.046
9 116 3 0.013 0.021
9 130 72 0.063 0.024
9 137 56 0.091 0.006
9 174 12 0.022 0.089
9 175 13 0.034 0.057
9 178 46 0.018 0.003
9 189 54 0.002 0.008
9 205 92 0.014 0.024
9 212 87 0.058 0.004
9 223 65 0.005 0.029
9 226 13 0.044 0.033
9 233 15 0.051 0.009
9 255 71 0.018 0.059
9 264 31 0.093 0.032
9 265 39 0.021 0.022
9 269 22 0.021 0.006
9 271 50 0.019 0.053
9 274 86 0.022 0.043
9 276 26 0.034 0.018
9 286 22 0.003 0.043
10 12 71 0.043 0.033
10 13 68 0.047 0.049
10 33 100 0.107 0.056
10 54 24 0.016 0.051
10 73 17 0.063 0.008
10 75 17 0.025 0.018
10 86 36 0.005 0.001
10 93 77 0.008 0.047
10 99 93 0.031 0.081
10 103 48 0.016 0.02
10 106 57 0.039 0.053
10 148 63 0.022 0.059
10 151 39 0.016 0.029
10 159 67 0.017 0.003
10 170 58 0.026 0.049
10 192 57 0.006 0.026
10 203 65 0.018 0.025
10 220 72 0.009 0.075
10 236 95 0.044 0.019
10 246 11 0.025 0.032
10 255 29 0.05 0.027
10 267 86 0.125 0.019
10 274 94 0.027 0.012
10 293 84 0.069 0.018
10 295 31 0.126 0.016
11 13 39 0.01 0.01
11 19 22 0.003 0.02
11 29 85 0.017 0.028
11 31 89 0.025 0.006
11 32 58 0.007 0.012
11 44 58 0.016 0.074
11 47 14 0.023 0.057
11 52 89 0.003 0.005
11 53 84 0.006 0.032
11 54 83 0.04 0.026
11 60 50 0.023 0.01
11 62 90 0.032 0.011
11 76 89 0.013 0.025
11 82 81 0.005 0.031
11 87 10 0.018 0.016
11 103 76 0.052 0.037
11 106 46 0.002 0.058
11 116 25 0.068 0.017
11 137 15 0.006 0.007
11 143 78 0.051 0.098
11 144 19 0.003 0.039
11 148 69 0.026 0.101
11 149 34 0.016 0.044
11 150 94 0.022 0.049
11 151 50 0.013 0.028
11 161 31 0.018 0.046
11 175 76 0.001 0.002
11 176 46 0.007 0.024
11 178 87 0.036 0.005
11 180 83 0.006 0.021
11 183 63 0.025 0.064
11 189 41 0.002 0.084
11 193 67 0.055 0.023
11 196 36 0.039 0.006
11 198 97 0.07 0.007
11 218 67 0.009 0.006
11 251 76 0.006 0.035
11 256 32 0.004 0.008
11 261 26 0.021 0.097
11 266 58 0.011 0.05
11 267 11 0.013 0.036
11 279 75 0.005 0.09
11 295 84 0.019 0.049
11 299 90 0.037 0.024
12 13 100 0.006 0.035
12 19 27 0.073 0.06
12 43 18 0.03 0.007
12 60 6 0.029 0.022
12 65 55 0.045 0.011
12 68 84 0.018 0.075
12 71 51 0.019 0.004
12 80 46 0.01 0.022
12 84 11 0.019 0.009
12 91 58 0.065 0.026
12 98 43 0.017 0.012
12 122 5 0.029 0.009
12 123 77 0.017 0.022
12 133 6 0.024 0.029
12 144 32 0.003 0.05
12 148 74 0.01 0.066
12 152 90 0.022 0.027
12 154 17 0.056 0.014
12 179 78 0.004 0.034
12 184 92 0.004 0.019
12 190 29 0.058 0.042
12 200 85 0.057 0.026
12 208 49 0.009 0.013
12 209 55 0.033 0.02
12 213 64 0.031 0.053
12 214 6 0.02 0.04
12 221 24 0.076 0.056
12 237 39 0.011 0.036
12 245 94 0.012 0.075
12 248 68 0.042 0.021
12 254 23 0.028 0.134
12 261 9 0.049 0.068
12 287 65 0.018 0.097
12 293 60 0.023 0.069
13 18 30 0.015 0.022
13 26 59 0.008 0.016
13 29 39 0.001 0.011
13 32 37 0.078 0.037
13 43 70 0.005 0.059
13 44 10 0.053 0.036
13 93 11 0.026 0.034
13 95 79 0.007 0.043
13 96 33 0.01 0.022
13 99 7 0.008 0.026
13 116 13 0.033 0.012
13 126 21 0.054 0.049
13 127 30 0.024 0.023
13 128 69 0.026 0.003
13 132 71 0.012 0.11
13 141 83 0.024 0.003
13 166 74 0.031 0.061
13 167 9 0.052 0.039
13 171 40 0.046 0.05
13 186 88 0.013 0.088
13 196 34 0.038 0.006
13 201 93 0.023 0.035
13 214 91 0.04 0.001
13 221 33 0.046 0.05
13 241 78 0.009 0.004
13 242 70 0.033 0.003
13 245 100 0.014 0.083
13 248 28 0.011 0.035
13 249 95 0.019 0.034
13 253 23 0.052 0.019
13 260 71 0.026 0.015
13 274 24 0.011 0.018
13 275 39 0.022 0.005
13 291 73 0.002 0.035
13 297 40 0.021 0.027
14 18 43 0.051 0.017
14 46 39 0.006 0.008
14 49 78 0.009 0.009
14 61 24 0.068 0.028
14 62 39 0.02 0.026
14 68 31 0.069 0.058
14 72 26 0.036 0.018
14 79 48 0.009 0.043
14 83 32 0.007 0.011
14 99 55 0.008 0.007
14 101 87 0.024 0.056
14 114 91 0.006 0.015
14 132 10 0.013 0.01
14 133 42 0.051 0.041
14 147 39 0.035 0.036
14 150 31 0.052 0.016
14 153 79 0.043 0.011
14 172 9 0.049 0.053
14 175 51 0.025 0.043
14 198 2 0.008 0.018
14 214 57 0.022 0.027
14 217 79 0.012 0.035
14 230 2 0.011 0.043
14 232 72 0.012 0.034
14 246 1 0.056 0.031
14 249 22 0.042 0.045
14 252 7 0.032 0.005
14 255 36 0.016 0.037
14 256 89 0.005 0.043
14 262 51 0.035 0.046
14 266 4 0.065 0.027
14 294 5 0.019 0.014
15 20 53 0.025 0.053
15 21 67 0.005 0.062
15 23 21 0.004 0.006
15 61 38 0.024 0.014
15 68 81 0.035 0.01
15 85 14 0.009 0.105
15 94 60 0.056 0.007
15 100 60 0.031 0.053
15 103 77 0.048 0.017
15 109 21 0.03 0.024
15 120 89 0.033 0.013
15 131 46 0.019 0.008
15 132 70 0.02 0.01
15 140 11 0.037 0.001
15 142 78 0.01 0.002
15 159 50 0.069 0.038
15 162 11 0.013 0.028
15 170 4 0.001 0.02
15 186 34 0.074 0.026
15 223 48 0.047 0.045
15 233 96 0.013 0.035
15 242 64 0.008 0.064
15 256 32 0.033 0.036
15 264 77 0.047 0.004
15 265 26 0.017 0.012
15 268 5 0.033 0.057
15 275 2 0.047 0.069
15 288 37 0.056 0.076
15 290 58 0.039 0.033
16 22 47 0.005 0.035
16 28 84 0.022 0.007
16 29 42 0.01 0.011
16 33 16 0.007 0.013
16 41 34 0.033 0.03
16 49 14 0.012 0.024
16 50 84 0.093 0.02
16 65 13 0.01 0.04
16 76 74 0.037 0.027
16 81 37 0.033 0.009
16 84 50 0.012 0.017
16 89 42 0.004 0.038
16 118 13 0.051 0.02
16 126 37 0.061 0.02
16 129 11 0.024 0.04
16 161 35 0.015 0.05
16 176 71 0.028 0.027
16 188 91 0.063 0.004
16 194 30 0.035 0.012
16 216 94 0.08 0.068
16 221 85 0.007 0.036
16 257 13 0.013 0.013
16 263 70 0.112 0.068
16 270 81 0.018 0.011
16 275 67 0.048 0.053
16 291 31 0.012 0.033
16 299 2 0.044 0.042
17 29 52 0.012 0.029
17 31 93 0.047 0.056
17 37 93 0.03 0.052
17 50 70 0.062 0.023
17 60 2 0.042 0.014
17 86 70 0.025 0.038
17 89 23 0.038 0.051
17 93 1 0.05 0.048
17 107 19 0.004 0.019
17 118 54 0.028 0.002
17 119 41 0.006 0.035
17 122 70 0.028 0.018
17 128 59 0.022 0.05
17 142 9 0.002 0.035
17 156 94 0.019 0.06
17 157 83 0.017 0.049
17 160 68 0.029 0.078
17 164 85 0.024 0.053
17 173 3 0.006 0.057
17 178 36 0.051 0.019
17 180 70 0.03 0.032
17 207 33 0.016 0.086
17 212 24 0.021 0.007
17 220 47 0.013 0.074
17 228 31 0.059 0.02
17 245 87 0.055 0.014
17 254 95 0.033 0.007
17 255 84 0.038 0.051
17 264 66 0.039 0.051
17 267 50 0.016 0.015
17 277 20 0.044 0.03
17 296 13 0.005 0.085
17 298 61 0.049 0.016
18 21 87 0.027 0.032
18 24 75 0.035 0.035
18 29 5 0.02 0.005
18 54 13 0.015 0.046
18 57 63 0.015 0.032
18 62 28 0.004 0.017
18 66 63 0.036 0.003
18 71 83 0.035 0.027
18 78 64 0.018 0.035
18 83 69 0.031 0.032
18 91 81 0.041 0.028
18 95 71 0.016 0.008
18 99 6 0.045 0.068
18 107 83 0.004 0.038
18 112 56 0.032 0.041
18 114 23 0.006 0.005
18 120 95 0.052 0.005
18 122 25 0.013 0.006
18 124 45 0.012 0.048
18 131 12 0.025 0.025
18 160 51 0.032 0.016
18 162 7 0.016 0.076
18 171 97 0.038 0.074
18 190 59 0.007 0.08
18 197 55 0.019 0.041
18 208 93 0.028 0.025
18 227 32 0.035 0.002
18 230 86 0.003 0.022
18 232 39 0.001 0.026
18 238 9 0.024 0.002
18 245 81 0.051 0.027
18 246 68 0.015 0.007
18 256 63 0.066 0.01
18 259 74 0.06 0.023
18 264 72 0.011 0.007
18 265 92 0.058 0.037
18 278 38 0.015 0.082
19 23 96 0.064 0.056
19 26 33 0.008 0.025
19 43 69 0.052 0.021
19 53 32 0.042 0.015
19 55 92 0.038 0.012
19 56 88 0.036 0.007
19 57 35 0.032 0.02
19 66 14 0.006 0.057
19 75 70 0.012 0.02
19 100 55 0.013 0.012
19 105 82 0.029 0.045
19 119 5 0.021 0.05
19 138 78 0.034 0.087
19 160 43 0.051 0.013
19 165 16 0.023 0.075
19 176 55 0.043 0.046
19 181 42 0.062 0.115
19 201 60 0.009 0.05
19 230 73 0.089 0.028
19 234 39 0.006 0.008
19 261 73 0.006 0.007
19 268 2 0.042 0.016
19 272 3 0.032 0.003
19 275 97 0.02 0.022
19 277 21 0.042 0.03
19 279 91 0.012 0.029
19 293 56 0.022 0.018
20 24 76 0.009 0.026
20 28 9 0.021 0.024
20 33 61 0.053 0.012
20 48 16 0.009 0.05
20 49 93 0.013 0.036
20 59 8 0.024 0.035
20 60 86 0.012 0.061
20 64 67 0.031 0.048
20 72 27 0.013 0.002
20 74 30 0.066 0.022
20 77 50 0.007 0.029
20 83 60 0.049 0.024
20 86 5 0.029 0.002
20 91 42 0.057 0.026
20 92 57 0.036 0.042
20 104 23 0.068 0.022
20 121 65 0.016 0.008
20 155 81 0.044 0.027
20 169 72 0.041 0.026
20 172 96 0.025 0.045
20 174 84 0.016 0.047
20 179 3 0.033 0.017
20 185 92 0.039 0.052
20 203 89 0.026 0.029
20 205 95 0.032 0.023
20 214 13 0.012 0.039
20 216 67 0.007 0.048
20 265 4 0.031 0.051
20 288 53 0.011 0.033
20 294 97 0.07 0.023
20 299 60 0.043 0.007
21 29 25 0.017 0.024
21 34 54 0.071 0.032
21 39 63 0.039 0.06
21 42 98 0.011 0.102
21 44 39 0.043 0.027
21 46 76 0.016 0.037
21 56 52 0.01 0.037
21 61 74 0.03 0.021
21 72 22 0.028 0.024
21 89 55 0.014 0.023
21 90 73 0.013 0.003
21 94 81 0.032 0.026
21 109 32 0.031 0.042
21 111 10 0.011 0.008
21 120 52 0.078 0.02
21 127 10 0.015 0.019
21 133 31 0.059 0.14
21 152 46 0.023 0.059
21 166 48 0.044 0.028
21 169 77 0.009 0.032
21 189 13 0.084 0.029
21 205 90 0.008 0.018
21 229 78 0.002 0.072
21 237 82 0.081 0.042
21 293 14 0.002 0.016
22 26 33 0.062 0.102
22 32 22 0.07 0.053
22 69 88 0.06 0.016
22 101 94 0.014 0.004
22 114 14 0.013 0.017
22 118 45 0.006 0.044
22 121 89 0.058 0.028
22 126 40 0.025 0.019
22 128 63 0.022 0.067
22 134 35 0.031 0.046
22 138 63 0.071 0.033
22 144 64 0.028 0.047
22 147 38 0.089 0.032
22 153 33 0.01 0.037
22 160 38 0.027 0.049
22 163 85 0.003 0.03
22 185 17 0.015 0.005
22 193 43 0.029 0.053
22 209 32 0.043 0.036
22 221 94 0.027 0.028
22 228 10 0.057 0.005
22 242 50 0.063 0.018
22 274 2 0.036 0.057
22 281 24 0.02 0.051
22 295 5 0.012 0.051
23 24 89 0.01 0.005
23 29 35 0.04 0.044
23 37 19 0.045 0.007
23 40 55 0.033 0.056
23 42 29 0.041 0.033
23 50 97 0.011 0.015
23 52 79 0.01 0.081
23 55 4 0.013 0.001
23 72 16 0.017 0.043
23 73 76 0.006 0.005
23 74 62 0.03 0.012
23 91 24 0.043 0.006
23 105 34 0.073 0.064
23 107 36 0.023 0.025
23 114 89 0.009 0.019
23 118 85 0.019 0.042
23 123 7 0.033 0.011
23 133 65 0.007 0.087
23 182 59 0.059 0.016
23 195 70 0.019 0.039
23 198 37 0.032 0.02
23 207 86 0.018 0.023
23 209 19 0.006 0.041
23 224 36 0.072 0.02
23 229 24 0.033 0.041
23 246 53 0.05 0.016
23 247 98 0.024 0.072
23 256 9 0.03 0.005
23 270 18 0.005 0.062
23 278 14 0.052 0.077
23 288 40 0.026 0.014
23 293 66 0.025 0.031
23 298 47 0.004 0.013
24 41 72 0.027 0.034
24 45 47 0.034 0.038
24 54 36 0.04 0.02
24 59 19 0.017 0.068
24 70 95 0.011 0.038
24 79 20 0.009 0.014
24 84 64 0.039 0.052
24 88 53 0.015 0.089
24 93 6 0.027 0.037
24 106 78 0.05 0.048
24 119 48 0.024 0.044
24 128 8 0.064 0.025
24 138 50 0.006 0.002
24 147 87 0.02 0.015
24 153 19 0.033 0.029
24 161 18 0.033 0.006
24 183 92 0.012 0.003
24 203 94 0.056 0.057
24 204 41 0.043 0.023
24 207 86 0.003 0.026
24 208 100 0.032 0.031
24 217 69 0.045 0.034
24 225 55 0.042 0.032
24 238 1 0.002 0.074
24 255 67 0.025 0.023
24 257 25 0.037 0.1
24 258 58 0.027 0.016
24 270 72 0.003 0.027
24 282 66 0.035 0.068
24 287 24 0.048 0.034
24 292 91 0.031 0.164
24 298 46 0.034 0.023
25 64 45 0.066 0.026
25 82 51 0.011 0.03
25 84 20 0.057 0.035
25 94 22 0.001 0.002
25 96 62 0.112 0.041
25 111 75 0.024 0.093
25 114 63 0.099 0.024
25 121 92 0.038 0.087
25 123 67 0.026 0.036
25 125 71 0.042 0.01
25 150 47 0.155 0.026
25 182 14 0.003 0.042
25 200 57 0.033 0.022
25 201 91 0.08 0.064
25 231 67 0.036 0.034
25 245 90 0.064 0.027
25 248 73 0.025 0.02
25 274 53 0.058 0.056
25 289 51 0.042 0.038
26 27 12 0.036 0.058
26 34 98 0.038 0.034
26 41 56 0.022 0.006
26 55 26 0.025 0.015
26 64 6 0.037 0.027
26 66 27 0.012 0.045
26 70 91 0.003 0.012
26 83 72 0.015 0.016
26 84 63 0.016 0.064
26 86 16 0.023 0.069
26 104 11 0.033 0.009
26 134 90 0.031 0.004
26 136 5 0.033 0.023
26 138 90 0.034 0.039
26 143 92 0.051 0.026
26 153 18 0.005 0.029
26 158 5 0.088 0.011
26 162 97 0.029 0.056
26 176 75 0.04 0.119
26 179 10 0.02 0.05
26 208 73 0.007 0.051
26 209 60 0.025 0.029
26 233 37 0.06 0.011
26 280 65 0.062 0.012
26 282 26 0.046 0.013
26 288 4 0.013 0.023
27 30 57 0.079 0.077
27 31 73 0.013 0.031
27 33 29 0.026 0.057
27 55 24 0.023 0.005
27 56 46 0.039 0.01
27 83 15 0.055 0.055
27 113 44 0.026 0.043
27 116 47 0.025 0.04
27 121 68 0.042 0.044
27 140 69 0.031 0.018
27 156 56 0.04 0.045
27 159 83 0.004 0.01
27 176 7 0.056 0.017
27 179 49 0.035 0.001
27 216 64 0.033 0.022
27 217 20 0.005 0.015
27 230 99 0.032 0.032
27 236 84 0.034 0.02
27 245 27 0.014 0.002
27 247 99 0.01 0.058
27 253 45 0.015 0.038
27 258 13 0.029 0.038
27 270 30 0.039 0.056
27 274 9 0.018 0.08
27 275 45 0.07 0.029
27 296 73 0.002 0.014
27 299 20 0.007 0.018
28 35 33 0.029 0.002
28 39 30 0.016 0.045
28 44 91 0.058 0.006
28 47 31 0.122 0.047
28 59 70 0.024 0.016
28 60 55 0.022 0.005
28 62 69 0.147 0.006
28 80 44 0.08 0.001
28 83 60 0.013 0.011
28 99 57 0.009 0.005
28 103 59 0.076 0.057
28 131 14 0.066 0.042
28 141 92 0.006 0.064
28 146 94 0.011 0.023
28 152 2 0.109 0.032
28 192 67 0.007 0.034
28 198 27 0.02 0.027
28 207 96 0.018 0.035
28 208 3 0.007 0.033
28 282 55 0.014 0.005
29 46 70 0.022 0.007
29 50 25 0.005 0.009
29 67 23 0.009 0.03
29 74 43 0.054 0.04
29 85 4 0.034 0.059
29 90 40 0.012 0.015
29 91 13 0.027 0.024
29 106 12 0.011 0.017
29 114 30 0.035 0.001
29 124 81 0.028 0.014
29 137 2 0.006 0.07
29 146 23 0.019 0.043
29 150 35 0.01 0.009
29 155 15 0.03 0.065
29 159 10 0.023 0.091
29 165 25 0.041 0.064
29 176 29 0.012 0.003
29 179 35 0.014 0.034
29 187 9 0.018 0.031
29 189 59 0.025 0.007
29 197 9 0.032 0.037
29 206 92 0.038 0.068
29 209 87 0.012 0.02
29 220 64 0.017 0.039
29 234 89 0.031 0.028
29 238 69 0.031 0.004
29 239 73 0.05 0.009
29 243 67 0.04 0.01
29 261 17 0.01 0.071
29 275 4 0.032 0.011
29 278 3 0.036 0.08
29 284 5 0.016 0.054
29 289 67 0.03 0.052
30 38 74 0.026 0.013
30 41 99 0.103 0.017
30 43 71 0.054 0.012
30 44 79 0.062 0.085
30 71 72 0.052 0.023
30 74 28 0.039 0.114
30 80 10 0.069 0.037
30 114 9 0.039 0.029
30 120 90 0.062 0.023
30 128 86 0.034 0.101
30 134 38 0.03 0.054
30 138 37 0.043 0.029
30 156 93 0.03 0.032
30 200 22 0.04 0.012
30 203 91 0.021 0.013
30 207 95 0.03 0.065
30 284 85 0.001 0.03
30 299 74 0.078 0.009
31 34 5 0.063 0.026
31 39 31 0.042 0.107
31 40 58 0.004 0.03
31 52 46 0.025 0.075
31 54 92 0.052 0.015
31 67 97 0.024 0.022
31 82 85 0.022 0.003
31 87 49 0.017 0.029
31 94 56 0.043 0.027
31 95 85 0.028 0.03
31 102 92 0.001 0.017
31 109 71 0.03 0.018
31 114 39 0.026 0.008
31 124 84 0.002 0.09
31 125 12 0.032 0.021
31 139 56 0.017 0.041
31 147 78 0.038 0.048
31 156 16 0.057 0.029
31 168 27 0.019 0.033
31 189 82 0.005 0.037
31 194 11 0.017 0.019
31 197 58 0.008 0.05
31 198 75 0.001 0.027
31 201 15 0.013 0.025
31 212 23 0.06 0.018
31 223 43 0.045 0.041
31 230 21 0.029 0.033
31 232 14 0.028 0.004
31 248 68 0.02 0.015
31 257 92 0.06 0.001
31 268 93 0.076 0.083
31 278 10 0.003 0.008
32 45 26 0.034 0.019
32 58 20 0.023 0.102
32 66 73 0.056 0.008
32 76 74 0.023 0.036
32 78 7 0.069 0.002
32 84 92 0.007 0.026
32 110 91 0.021 0.038
32 132 25 0.025 0.036
32 139 35 0.059 0.007
32 143 92 0.063 0.058
32 150 6 0.061 0.038
32 153 3 0.013 0.002
32 173 88 0.062 0.001
32 183 99 0.054 0.008
32 196 54 0.025 0.048
32 212 41 0.05 0.019
32 240 48 0.032 0.071
32 270 92 0.096 0.077
32 277 48 0.016 0.026
32 284 63 0.049 0.062
33 37 28 0.014 0.057
33 43 59 0.003 0.005
33 52 37 0.023 0.053
33 55 81 0.044 0.033
33 67 17 0.016 0.034
33 69 29 0.013 0.05
33 78 43 0.015 0.05
33 79 48 0.007 0.006
33 91 40 0.013 0.016
33 94 61 0.013 0.042
33 99 89 0.007 0.036
33 104 31 0.029 0.026
33 107 92 0.032 0.012
33 109 32 0.01 0.001
33 113 59 0.057 0.083
33 120 73 0.033 0.022
33 123 51 0.011 0.036
33 129 41 0.034 0.023
33 164 58 0.03 0.045
33 166 65 0.003 0.055
33 188 48 0.005 0.007
33 212 21 0.001 0.082
33 218 13 0.014 0.008
33 226 98 0.014 0.017
33 234 24 0.047 0.012
33 241 88 0.018 0.078
33 245 11 0.046 0.034
33 251 73 0.039 0.005
33 254 78 0.063 0.021
33 260 65 0.041 0.049
33 264 30 0.032 0.034
33 271 82 0.003 0.061
33 280 68 0.002 0.1
33 284 52 0.047 0.017
33 297 64 0.043 0.005
34 35 83 0.031 0.017
34 36 34 0.043 0.018
34 41 97 0.035 0.04
34 43 87 0.02 0.013
34 55 43 0.034 0.009
34 57 62 0.026 0.003
34 62 100 0.029 0.031
34 77 40 0.004 0.043
34 79 68 0.044 0.008
34 88 11 0.019 0.008
34 90 24 0.016 0.017
34 102 41 0.033 0.072
34 107 21 0.07 0.11
34 114 8 0.018 0.017
34 147 35 0.019 0.053
34 154 36 0.014 0.048
34 173 71 0.064 0.047
34 178 45 0.04 0.028
34 179 22 0.008 0.004
34 198 60 0.005 0.021
34 220 70 0.007 0.051
34 233 69 0.025 0.029
34 239 12 0.032 0.023
34 249 17 0.033 0.01
34 263 33 0.024 0.004
34 265 1 0.059 0.06
34 269 54 0.014 0.014
34 275 94 0.008 0.025
34 290 82 0.014 0.036
34 297 99 0.051 0.008
35 53 14 0.041 0.027
35 58 45 0.06 0.117
35 60 79 0.008 0.057
35 71 95 0.04 0.009
35 72 46 0.012 0.011
35 75 61 0.029 0.075
35 80 97 0.038 0.074
35 98 74 0.069 0.007
35 102 30 0.062 0.033
35 120 57 0.031 0.058
35 121 10 0.075 0.044
35 141 90 0.02 0.027
35 151 24 0.032 0.014
35 165 12 0.025 0.005
35 178 53 0.018 0.034
35 192 20 0.039 0.035
35 198 70 0.035 0.005
35 199 27 0.005 0.001
35 204 35 0.001 0.036
35 205 18 0.023 0.049
35 208 2 0.032 0.039
35 212 47 0.001 0.003
35 214 20 0.017 0.058
35 216 73 0.001 0.017
35 237 46 0.045 0.002
35 239 86 0.001 0.028
35 247 10 0.013 0.029
35 248 73 0.001 0.035
35 249 66 0.045 0.033
35 260 27 0.012 0.006
35 266 94 0.022 0.027
35 281 91 0.001 0.03
35 284 26 0.032 0.013
35 293 91 0.029 0.049
36 39 93 0.035 0.019
36 63 70 0.053 0.03
36 67 40 0.066 0.033
36 84 3 0.033 0.009
36 103 84 0.141 0.002
36 107 13 0.031 0.038
36 119 100 0.07 0.013
36 125 98 0.013 0.039
36 130 40 0.05 0.016
36 136 1 0.025 0.057
36 137 62 0.036 0.011
36 142 15 0.07 0.007
36 158 8 0.048 0.014
36 176 87 0.038 0.028
36 215 55 0.035 0.034
36 230 60 0.018 0.009
36 231 30 0.005 0.053
36 232 83 0.008 0.054
36 235 6 0.029 0.051
36 241 91 0.007 0.012
36 268 43 0.005 0.046
36 281 46 0.046 0.054
36 282 86 0.029 0.058
36 286 18 0.04 0.05
36 290 92 0.024 0.03
37 62 56 0.008 0.018
37 80 71 0.02 0.026
37 85 68 0.026 0.009
37 91 22 0.032 0.026
37 92 46 0.049 0.051
37 101 92 0.027 0.058
37 113 86 0.017 0.039
37 116 49 0.001 0.019
37 117 48 0.041 0.012
37 123 86 0.032 0.006
37 147 96 0.025 0.011
37 169 60 0.053 0.011
37 172 83 0.08 0.031
37 177 16 0.017 0.021
37 181 3 0.023 0.035
37 191 5 0.032 0.005
37 193 61 0.012 0.004
37 196 16 0.01 0.008
37 208 9 0.056 0.035
37 212 1 0.023 0.034
37 216 99 0.024 0.047
37 220 68 0.017 0.003
37 242 28 0.009 0.013
37 244 23 0.023 0.08
37 255 43 0.034 0.014
37 256 45 0.044 0.042
37 264 1 0.007 0.043
37 290 66 0.002 0.002
37 294 14 0.087 0.013
37 296 98 0.038 0.063
38 44 95 0.001 0.004
38 49 86 0.005 0.029
38 52 42 0.068 0.023
38 53 69 0.046 0.048
38 65 68 0.05 0.051
38 75 78 0.021 0.024
38 76 27 0.006 0.02
38 104 58 0.022 0.059
38 108 38 0.034 0.04
38 122 22 0.008 0.078
38 124 56 0.042 0.029
38 129 100 0.014 0.006
38 131 38 0.034 0.045
38 142 53 0.004 0.001
38 155 9 0.086 0.123
38 164 71 0.041 0.019
38 188 18 0.045 0.015
38 200 2 0.059 0.001
38 201 41 0.055 0.038
38 209 69 0.029 0.036
38 213 97 0.038 0.016
38 216 94 0.05 0.016
38 245 30 0.024 0.037
38 279 39 0.011 0.022
38 287 36 0.053 0.005
39 41 23 0.057 0.06
39 46 59 0.042 0.107
39 67 92 0.041 0.048
39 72 34 0.035 0.015
39 79 28 0.014 0.013
39 147 88 0.02 0.029
39 156 76 0.053 0.048
39 164 84 0.094 0.038
39 165 51 0.054 0.008
39 169 74 0.051 0.015
39 175 83 0.008 0.028
39 193 12 0.029 0.042
39 216 74 0.008 0.006
39 230 55 0.02 0.034
39 236 92 0.052 0.038
39 241 39 0.009 0.011
39 252 24 0.043 0.079
39 256 93 0.04 0.023
39 257 42 0.008 0.007
39 259 63 0.004 0.038
39 270 62 0.02 0.042
39 291 22 0.027 0.016
39 294 20 0.033 0.04
39 299 9 0.003 0.033
40 43 46 0.035 0.014
40 61 81 0.002 0.012
40 64 90 0.012 0.043
40 83 93 0.069 0.001
40 97 31 0.073 0.052
40 104 49 0.06 0.037
40 125 97 0.021 0.052
40 127 50 0.003 0.039
40 128 26 0.021 0.044
40 154 24 0.021 0.012
40 162 8 0.041 0.033
40 175 48 0.008 0.053
40 183 48 0.019 0.005
40 190 59 0.01 0.06
40 204 72 0.03 0.066
40 206 71 0.035 0.065
40 211 6 0.039 0.007
40 217 21 0.021 0.033
40 219 72 0.02 0.018
40 237 50 0.01 0.03
40 240 61 0.037 0.032
40 242 78 0.013 0.083
40 271 96 0.05 0.083
40 274 56 0.051 0.026
40 287 96 0.012 0.051
40 289 90 0.033 0.015
40 290 52 0.039 0.052
40 292 3 0.001 0.022
40 295 18 0.016 0.064
41 52 12 0.022 0.022
41 53 21 0.023 0.046
41 55 72 0.074 0.009
41 70 68 0.039 0.022
41 73 73 0.055 0.006
41 119 14 0.038 0.039
41 120 19 0.069 0.049
41 122 55 0.007 0.027
41 143 78 0.005 0.082
41 150 95 0.019 0.003
41 158 99 0.022 0.046
41 159 49 0.001 0.013
41 163 45 0.006 0.021
41 167 25 0.054 0.012
41 176 73 0.047 0.013
41 177 27 0.011 0.032
41 183 2 0.002 0.075
41 209 33 0.066 0.005
41 210 83 0.015 0.04
41 228 36 0.041 0.057
41 238 30 0.023 0.025
41 241 54 0.026 0.031
41 251 67 0.022 0.037
41 265 28 0.017 0.005
41 282 75 0.002 0.047
41 284 60 0.01 0.033
41 289 53 0.045 0.03
41 298 91 0.052 0.007
42 55 80 0.011 0.064
42 62 98 0.042 0.092
42 68 99 0.009 0.073
42 91 36 0.032 0.045
42 100 59 0.002 0.019
42 114 47 0.02 0.052
42 144 75 0.022 0.024
42 145 56 0.035 0.096
42 150 87 0.021 0.004
42 162 62 0.014 0.05
42 173 8 0.022 0.073
42 175 18 0.045 0.046
42 181 42 0.066 0.025
42 185 18 0.027 0.021
42 192 61 0.053 0.069
42 193 44 0.029 0.079
42 194 23 0.02 0.04
42 202 41 0.057 0.117
42 226 93 0.01 0.044
42 240 52 0.021 0.037
42 243 10 0.011 0.027
42 246 82 0.033 0.022
42 253 97 0.023 0.03
42 260 27 0.052 0.027
42 267 31 0.019 0.001
42 272 85 0.015 0.018
42 277 86 0.048 0.055
42 290 83 0.044 0.017
42 295 98 0.024 0.049
43 46 20 0.017 0.045
43 47 20 0.064 0.043
43 56 40 0.013 0.025
43 57 46 0.01 0.023
43 66 15 0.019 0.049
43 77 37 0.003 0.037
43 83 88 0.031 0.032
43 86 87 0.045 0.025
43 91 2 0.077 0.024
43 132 55 0.032 0.025
43 140 94 0.036 0.012
43 149 78 0.005 0.054
43 159 60 0.078 0.053
43 169 48 0.035 0.033
43 172 32 0.05 0.049
43 178 80 0.008 0.027
43 188 90 0.011 0.001
43 190 98 0.049 0.025
43 196 96 0.019 0.017
43 202 58 0.04 0.005
43 208 36 0.021 0.019
43 210 56 0.007 0.076
43 238 46 0.01 0.017
43 243 62 0.05 0.026
43 250 32 0.016 0.021
43 252 82 0.048 0.035
43 256 37 0.011 0.038
43 266 60 0.009 0.07
43 280 34 0.004 0.061
43 286 7 0.01 0.051
43 294 49 0.007 0.025
44 45 31 0.006 0.051
44 57 32 0.065 0.023
44 58 18 0.039 0.02
44 77 24 0.008 0.032
44 90 39 0.049 0.01
44 102 58 0.044 0.026
44 104 34 0.022 0.02
44 142 35 0.001 0.033
44 156 43 0.055 0.113
44 162 30 0.01 0.057
44 178 77 0.005 0.032
44 186 86 0.031 0.064
44 200 93 0.041 0.065
44 210 80 0.03 0.027
44 213 6 0.059 0.076
44 217 34 0.038 0.071
44 223 69 0.048 0.045
44 225 76 0.002 0.026
44 236 29 0.071 0.059
44 253 57 0.022 0.102
44 260 19 0.037 0.014
44 272 34 0.016 0.005
44 273 14 0.016 0.017
44 278 63 0.05 0.015
44 288 16 0.003 0.028
45 53 21 0.019 0.01
45 54 91 0.003 0.062
45 69 13 0.009 0.038
45 74 50 0.05 0.031
45 79 89 0.024 0.023
45 82 93 0.001 0.041
45 91 41 0.06 0.073
45 98 99 0.027 0.026
45 107 17 0.025 0.03
45 120 77 0.005 0.039
45 122 44 0.045 0.035
45 134 54 0.056 0.008
45 142 41 0.033 0.007
45 156 22 0.004 0.035
45 165 46 0.022 0.012
45 167 76 0.046 0.02
45 179 9 0.01 0.076
45 181 48 0.03 0.041
45 187 17 0.019 0.021
45 191 67 0.042 0.033
45 192 19 0.012 0.025
45 196 64 0.03 0.032
45 201 37 0.007 0.011
45 202 97 0.036 0.034
45 208 46 0.07 0.002
45 211 75 0.025 0.05
45 223 16 0.014 0.034
45 229 84 0.042 0.01
45 234 7 0.009 0.093
45 279 74 0.013 0.03
45 289 64 0.025 0.006
45 290 28 0.006 0.037
46 69 5 0.003 0.009
46 72 29 0.076 0.003
46 81 29 0.044 0.082
46 95 32 0.005 0.003
46 103 63 0.034 0.018
46 115 100 0.02 0.029
46 116 68 0.079 0.049
46 123 72 0.037 0.006
46 134 12 0.065 0.022
46 136 58 0.01 0.048
46 170 41 0.047 0.003
46 172 80 0.032 0.014
46 181 40 0.032 0.023
46 198 88 0.03 0.005
46 211 30 0.064 0.042
46 221 57 0.038 0.016
46 223 8 0.04 0.035
46 244 79 0.017 0.051
46 246 37 0.003 0.027
46 273 85 0.047 0.02
46 291 93 0.031 0.036
46 295 29 0.014 0.015
47 56 80 0.012 0.072
47 57 19 0.046 0.017
47 68 53 0.011 0.044
47 70 75 0.03 0.005
47 71 37 0.028 0.037
47 89 52 0.039 0.024
47 117 43 0.037 0.015
47 125 93 0.036 0.001
47 135 33 0.012 0.027
47 141 36 0.108 0.026
47 159 79 0.046 0.03
47 166 100 0.026 0.008
47 194 38 0.052 0.062
47 198 12 0.07 0.032
47 212 32 0.035 0.009
47 215 90 0.03 0.086
47 235 26 0.046 0.041
47 245 10 0.045 0.007
47 289 58 0.004 0.011
47 292 32 0.084 0.131
47 295 23 0.042 0.057
48 56 84 0.047 0.047
48 61 19 0.007 0.012
48 83 67 0.004 0.023
48 102 7 0.022 0.055
48 104 14 0.026 0.007
48 105 35 0.003 0.046
48 111 73 0.004 0.026
48 116 52 0.046 0.005
48 126 42 0.003 0.093
48 127 32 0.017 0.031
48 132 34 0.01 0.013
48 137 51 0.01 0.068
48 143 26 0.018 0.004
48 145 12 0.059 0.007
48 151 65 0.023 0.022
48 154 33 0.02 0.051
48 162 94 0.026 0.015
48 163 68 0.031 0.017
48 165 85 0.039 0.038
48 169 39 0.041 0.045
48 191 5 0.019 0.015
48 200 24 0.025 0.012
48 203 93 0.017 0.008
48 215 73 0.021 0.035
48 224 75 0.051 0.011
48 227 99 0.027 0.047
48 228 63 0.064 0.051
48 229 61 0.005 0.01
48 238 68 0.05 0.062
48 255 3 0.048 0.032
48 256 18 0.05 0.026
48 281 27 0.009 0.098
48 291 50 0.091 0.018
49 61 40 0.019 0.016
49 73 74 0.052 0.012
49 80 32 0.004 0.003
49 81 12 0.008 0.07
49 83 42 0.027 0.038
49 84 61 0.052 0.038
49 90 51 0.035 0.016
49 95 42 0.012 0.022
49 98 32 0.011 0.054
49 105 44 0.034 0.035
49 114 39 0.018 0.01
49 120 49 0.017 0.022
49 128 25 0.018 0.034
49 136 46 0.026 0.017
49 170 60 0.036 0.058
49 172 50 0.038 0.008
49 187 96 0.022 0.088
49 198 72 0.012 0.041
49 207 51 0.057 0.056
49 214 41 0.014 0.059
49 215 50 0.012 0.022
49 217 47 0.046 0.029
49 218 49 0.021 0.061
49 226 7 0.024 0.055
49 227 27 0.002 0.024
49 232 71 0.001 0.008
49 244 31 0.076 0.034
49 247 21 0.023 0.076
49 252 34 0.012 0.074
49 258 1 0.018 0.028
49 267 38 0.03 0.039
49 268 48 0.008 0.075
49 269 54 0.015 0.014
49 272 60 0.006 0.072
49 273 96 0.011 0.006
49 278 23 0.032 0.004
49 289 85 0.03 0.008
49 294 54 0.023 0.038
50 51 50 0.004 0.067
50 52 28 0.04 0.04
50 63 14 0.051 0.034
50 73 13 0.028 0.122
50 78 89 0.124 0.042
50 79 70 0.019 0.005
50 83 83 0.025 0.068
50 114 24 0.056 0.005
50 119 84 0.011 0.044
50 135 44 0.013 0.021
50 151 57 0.017 0.019
50 158 28 0.015 0.032
50 163 56 0.019 0.032
50 164 21 0.011 0.012
50 174 11 0.002 0.025
50 181 6 0.051 0.054
50 188 65 0.053 0.058
50 200 55 0.041 0.007
50 210 92 0.023 0.032
50 211 43 0.032 0.005
50 247 19 0.029 0.035
50 248 14 0.012 0.039
50 260 49 0.029 0.056
50 279 71 0.064 0.05
50 282 86 0.04 0.012
50 287 84 0.078 0.057
50 293 23 0.025 0.004
51 59 94 0.011 0.013
51 67 18 0.022 0.027
51 71 36 0.035 0.028
51 79 60 0.029 0.018
51 96 84 0.052 0.004
51 107 7 0.085 0.105
51 123 51 0.05 0.004
51 127 68 0.034 0.051
51 128 88 0.023 0.011
51 136 93 0.046 0.035
51 137 44 0.029 0.023
51 140 42 0.027 0.01
51 141 59 0.046 0.034
51 169 18 0.034 0.16
51 184 87 0.015 0.053
51 189 20 0.032 0.018
51 197 93 0.004 0.042
51 199 96 0.011 0.011
51 218 18 0.004 0.031
51 240 2 0.075 0.001
51 241 91 0.027 0.019
51 244 51 0.001 0.034
51 261 1 0.031 0.002
51 271 1 0.055 0.005
51 282 87 0.02 0.024
51 288 11 0.038 0.046
51 297 64 0.039 0.013
51 299 35 0.058 0.037
52 57 62 0.069 0.056
52 60 39 0.026 0.008
52 80 8 0.083 0.023
52 84 37 0.022 0.001
52 108 34 0.06 0.007
52 119 88 0.025 0.07
52 126 5 0.021 0.098
52 158 81 0.071 0.006
52 161 78 0.019 0.021
52 167 5 0.048 0.041
52 200 64 0.012 0.03
52 204 7 0.093 0.05
52 209 79 0.02 0.004
52 232 16 0.023 0.023
52 238 84 0.003 0.015
52 250 91 0.035 0.005
52 258 59 0.009 0.031
52 278 17 0.021 0.023
52 296 58 0.041 0.03
53 55 96 0.014 0.069
53 63 37 0.029 0.065
53 68 91 0.038 0.017
53 74 75 0.025 0.036
53 77 59 0.053 0.025
53 79 5 0.005 0.066
53 96 82 0.092 0.079
53 103 71 0.027 0.033
53 132 79 0.009 0.019
53 133 48 0.007 0.028
53 135 14 0.075 0.032
53 137 32 0.019 0.024
53 151 70 0.007 0.064
53 154 37 0.003 0.079
53 167 10 0.013 0.014
53 168 61 0.03 0.054
53 177 98 0.02 0.018
53 180 6 0.051 0.035
53 191 61 0.012 0.048
53 204 32 0.03 0.007
53 210 100 0.019 0.042
53 216 26 0.012 0.009
53 218 48 0.046 0.024
53 234 49 0.031 0.015
53 242 28 0.002 0.08
53 245 92 0.015 0.04
53 256 56 0.01 0.01
53 258 4 0.032 0.018
53 264 33 0.005 0.028
53 269 69 0.032 0.075
53 286 4 0.019 0.013
53 294 48 0.01 0.028
53 296 50 0.03 0.042
54 63 78 0.035 0.01
54 69 41 0.028 0.048
54 91 49 0.022 0.091
54 94 8 0.036 0.023
54 100 86 0.022 0.048
54 104 91 0.008 0.084
54 107 95 0.004 0.018
54 114 89 0.035 0.046
54 123 80 0.058 0.043
54 143 9 0.032 0.012
54 166 95 0.087 0.001
54 170 72 0.006 0.023
54 182 29 0.045 0.023
54 185 53 0.007 0.034
54 194 66 0.015 0.028
54 202 21 0.016 0.033
54 217 97 0.052 0.001
54 218 59 0.021 0.045
54 234 13 0.032 0.009
54 240 50 0.012 0.052
54 245 51 0.002 0.018
54 246 19 0.03 0.06
54 251 85 0.025 0.003
54 269 23 0.034 0.02
54 294 47 0.022 0.008
54 296 41 0.017 0.031
55 66 71 0.025 0.007
55 67 64 0.024 0.011
55 82 80 0.003 0.005
55 91 73 0.004 0.043
55 92 85 0.022 0.069
55 106 83 0.011 0.039
55 110 99 0.01 0.017
55 129 87 0.032 0.044
55 130 56 0.025 0.057
55 136 7 0.062 0.048
55 150 95 0.038 0.033
55 157 32 0.008 0.04
55 159 64 0.007 0.045
55 166 12 0.018 0.093
55 171 18 0.047 0.048
55 189 2 0.011 0.017
55 191 90 0.03 0.001
55 199 59 0.076 0.079
55 201 19 0.033 0.03
55 209 21 0.015 0.038
55 210 54 0.036 0.015
55 218 57 0.063 0.046
55 263 88 0.03 0.073
55 275 77 0.032 0.049
55 285 26 0.03 0.014
55 286 68 0.043 0.022
55 292 44 0.005 0.043
55 296 24 0.005 0.009
56 72 69 0.03 0.039
56 76 41 0.027 0.072
56 78 84 0.025 0.07
56 91 34 0.037 0.025
56 102 35 0.015 0.006
56 116 28 0.01 0.072
56 117 18 0.019 0.031
56 125 94 0.037 0.078
56 132 3 0.071 0.037
56 135 69 0.019 0.021
56 136 40 0.008 0.001
56 149 52 0.019 0.02
56 152 3 0.012 0.019
56 154 70 0.033 0.007
56 166 86 0.002 0.016
56 173 75 0.035 0.005
56 183 53 0.066 0.011
56 187 24 0.012 0.023
56 205 76 0.033 0.003
56 214 97 0.02 0.024
56 218 94 0.013 0.025
56 232 97 0.023 0.002
56 250 32 0.02 0.008
56 253 60 0.02 0.016
56 270 42 0.05 0.024
56 283 1 0.075 0.013
56 292 57 0.006 0.02
57 59 54 0.032 0.003
57 73 31 0.052 0.017
57 94 28 0.102 0.03
57 96 63 0.033 0.027
57 100 51 0.087 0.011
57 106 45 0.034 0.039
57 110 44 0.046 0.047
57 117 100 0.014 0.066
57 129 57 0.022 0.033
57 139 33 0.056 0.054
57 151 62 0.08 0.019
57 153 10 0.002 0.059
57 156 99 0.028 0.008
57 173 99 0.058 0.011
57 174 100 0.009 0.036
57 186 21 0.044 0.034
57 200 4 0.019 0.042
57 209 14 0.027 0.086
57 237 63 0.036 0.019
57 265 56 0.011 0.038
57 283 64 0.03 0.064
58 72 8 0.03 0.024
58 85 67 0.038 0.086
58 92 81 0.021 0.05
58 107 77 0.085 0.011
58 114 10 0.02 0.074
58 126 77 0.041 0.006
58 141 15 0.007 0.04
58 150 3 0.018 0.009
58 154 5 0.003 0.008
58 219 19 0.053 0.024
58 231 57 0.043 0.072
58 247 1 0.084 0.044
58 257 66 0.022 0.076
58 268 50 0.02 0.037
58 271 18 0.047 0.001
58 276 42 0.063 0.028
58 278 41 0.033 0.037
58 285 22 0.071 0.043
58 299 35 0.051 0.039
59 72 65 0.035 0.029
59 79 14 0.01 0.023
59 91 4 0.033 0.002
59 94 2 0.009 0.019
59 135 12 0.056 0.024
59 161 57 0.05 0.029
59 166 51 0.028 0.012
59 181 58 0.034 0.016
59 205 87 0.001 0.037
59 206 55 0.048 0.054
59 207 59 0.03 0.056
59 212 37 0.015 0.027
59 220 78 0.018 0.007
59 224 50 0.022 0.07
59 226 100 0.078 0.036
59 228 58 0.087 0.038
59 239 19 0.055 0.001
59 242 20 0.012 0.001
59 249 93 0.049 0.039
59 258 25 0.063 0.108
59 269 52 0.016 0.029
59 282 87 0.061 0.05
59 286 53 0.055 0.046
60 67 15 0.01 0.007
60 81 95 0.011 0.006
60 99 32 0.066 0.007
60 112 25 0.035 0.056
60 113 15 0.031 0.01
60 134 64 0.035 0.014
60 137 88 0.084 0.061
60 140 18 0.042 0.047
60 160 91 0.009 0.014
60 165 74 0.04 0.058
60 176 25 0.013 0.007
60 191 90 0.039 0.014
60 207 86 0.023 0.023
60 210 11 0.019 0.054
60 229 90 0.025 0.049
60 241 57 0.01 0.073
60 242 59 0.033 0.011
60 244 100 0.018 0.012
60 245 55 0.047 0.07
60 247 68 0.062 0.016
60 259 2 0.023 0.023
60 271 46 0.002 0.007
60 287 90 0.048 0.042
60 297 90 0.033 0.054
61 86 51 0.006 0.046
61 88 6 0.027 0.054
61 89 83 0.102 0.056
61 111 90 0.036 0.027
61 121 20 0.092 0.025
61 124 37 0.038 0.05
61 127 69 0.026 0.061
61 128 42 0.045 0.027
61 154 9 0.047 0.019
61 170 54 0.004 0.007
61 188 30 0.085 0.018
61 194 23 0.044 0.011
61 206 20 0.084 0.041
61 207 57 0.022 0.013
61 234 28 0.03 0.016
61 240 76 0.057 0.047
61 252 96 0.02 0.028
61 255 72 0.026 0.068
61 257 38 0.038 0.043
61 261 84 0.018 0.065
61 276 71 0.029 0.052
61 278 65 0.006 0.028
62 64 2 0.001 0.003
62 81 77 0.004 0.011
62 85 9 0.03 0.052
62 89 61 0.017 0.036
62 90 38 0.006 0.011
62 97 40 0.032 0.001
62 98 69 0.033 0.052
62 129 42 0.031 0.046
62 131 85 0.007 0.006
62 136 52 0.01 0.013
62 146 77 0.007 0.033
62 147 80 0.059 0.056
62 153 23 0.018 0.058
62 162 8 0.004 0.038
62 173 96 0.008 0.004
62 174 30 0.005 0.005
62 183 12 0.06 0.055
62 196 70 0.038 0.031
62 198 49 0.015 0.021
62 199 26 0.039 0.035
62 203 15 0.005 0.018
62 212 6 0.009 0.02
62 214 96 0.004 0.038
62 222 59 0.015 0.063
62 228 36 0.088 0.06
62 233 50 0.054 0.039
62 234 86 0.005 0.008
62 264 90 0.037 0.054
62 278 68 0.023 0.014
62 285 84 0.04 0.003
62 291 64 0.032 0.037
62 299 75 0.055 0.005
63 87 47 0.01 0.02
63 96 71 0.041 0.02
63 100 42 0.011 0.01
63 120 21 0.026 0.018
63 125 53 0.044 0.032
63 138 72 0.052 0.039
63 154 43 0.084 0.004
63 156 69 0.019 0.009
63 166 74 0.037 0.035
63 172 13 0.05 0.025
63 191 97 0.02 0.009
63 201 75 0.044 0.053
63 232 60 0.08 0.042
63 236 38 0.098 0.01
63 261 62 0.023 0.005
63 271 15 0.076 0.04
63 283 20 0.097 0.055
63 295 76 0.049 0.01
64 68 43 0.021 0.019
64 77 11 0.022 0.004
64 103 45 0.063 0.019
64 104 19 0.015 0.041
64 110 90 0.019 0.006
64 116 91 0.001 0.003
64 129 40 0.063 0.012
64 141 81 0.056 0.06
64 149 35 0.027 0.016
64 157 84 0.076 0.034
64 174 50 0.017 0.001
64 178 94 0.015 0.047
64 203 3 0.034 0.029
64 210 25 0.034 0.001
64 223 58 0.087 0.002
64 245 37 0.008 0.044
64 252 78 0.152 0.125
64 263 55 0.037 0.061
64 285 14 0.001 0.015
64 297 18 0.01 0.045
65 75 56 0.046 0.075
65 105 52 0.059 0.01
65 109 88 0.008 0.042
65 110 55 0.053 0.072
65 113 26 0.001 0.019
65 114 90 0.083 0.038
65 121 5 0.02 0.019
65 137 1 0.08 0.041
65 141 93 0.018 0.032
65 147 19 0.014 0.053
65 164 10 0.049 0.061
65 177 89 0.037 0.042
65 185 43 0.003 0.003
65 206 78 0.043 0.004
65 212 75 0.037 0.026
65 216 32 0.023 0.05
65 219 84 0.016 0.027
65 222 10 0.005 0.029
65 229 2 0.045 0.018
65 234 67 0.029 0.008
65 239 44 0.018 0.014
65 241 79 0.018 0.014
65 245 37 0.043 0.017
65 259 55 0.036 0.029
65 270 40 0.029 0.031
65 280 5 0.005 0.031
65 282 15 0.009 0.002
66 78 26 0.004 0.155
66 80 25 0.03 0.012
66 87 4 0.039 0.01
66 90 98 0.002 0.07
66 98 60 0.023 0.026
66 108 82 0.041 0.034
66 126 80 0.003 0.095
66 133 15 0.026 0.063
66 150 39 0.035 0.036
66 155 77 0.096 0.021
66 171 20 0.028 0.033
66 173 23 0.001 0.024
66 176 24 0.106 0.017
66 199 78 0.044 0.031
66 209 53 0.074 0.052
66 225 41 0.048 0.096
66 265 11 0.032 0.029
66 266 23 0.022 0.008
66 268 41 0.011 0.002
66 269 63 0.036 0.002
66 280 9 0.033 0.049
66 281 36 0.007 0.03
67 68 86 0.029 0.032
67 69 44 0.029 0.038
67 73 79 0.068 0.019
67 82 30 0.057 0.033
67 87 84 0.01 0.052
67 88 86 0.026 0.056
67 97 75 0.077 0.065
67 108 12 0.11 0.044
67 110 53 0.042 0.033
67 118 56 0.035 0.008
67 119 42 0.032 0.011
67 136 94 0.009 0.097
67 149 98 0.024 0.023
67 153 63 0.042 0.018
67 187 18 0.004 0.071
67 192 54 0.043 0.035
67 196 98 0.005 0.052
67 209 6 0.012 0.025
67 212 78 0.01 0.002
67 232 40 0.044 0.027
67 234 71 0.006 0.068
67 246 100 0.003 0.017
67 248 52 0.008 0.055
67 264 83 0.001 0.06
67 271 3 0.001 0.022
67 282 73 0.009 0.006
67 289 91 0.008 0.05
67 290 98 0.033 0.027
67 294 41 0.011 0.038
68 79 82 0.048 0.049
68 87 38 0.028 0.009
68 89 53 0.063 0.003
68 96 85 0.072 0.024
68 105 34 0.017 0.035
68 115 29 0.002 0.104
68 116 29 0.041 0.008
68 136 10 0.035 0.01
68 145 88 0.024 0.042
68 149 33 0.053 0.003
68 161 6 0.043 0.029
68 171 19 0.026 0.047
68 182 66 0.016 0.038
68 199 96 0.063 0.016
68 222 93 0.038 0.034
68 268 66 0.01 0.007
68 279 95 0.042 0.04
68 290 56 0.033 0.001
69 70 35 0.022 0.013
69 83 95 0.051 0.041
69 93 37 0.012 0.035
69 103 15 0.002 0.04
69 118 29 0.033 0.054
69 121 88 0.008 0.033
69 174 11 0.075 0.034
69 178 5 0.005 0.127
69 195 44 0.009 0.042
69 201 67 0.014 0.009
69 205 25 0.014 0.057
69 209 82 0.007 0.038
69 218 84 0.018 0.044
69 224 10 0.033 0.017
69 226 82 0.045 0.005
69 230 55 0.009 0.04
69 240 27 0.033 0.02
69 243 18 0.059 0.019
69 246 69 0.023 0.018
69 260 42 0.031 0.03
69 261 7 0.026 0.005
69 269 34 0.035 0.032
69 271 97 0.032 0.017
69 274 72 0.011 0.025
69 275 85 0.026 0.017
69 282 41 0.019 0.009
69 287 5 0.076 0.076
69 290 90 0.022 0.071
69 295 80 0.044 0.064
70 71 90 0.046 0.033
70 85 3 0.067 0.058
70 88 62 0.025 0.005
70 100 16 0.033 0.044
70 110 75 0.016 0.01
70 113 68 0.019 0.006
70 118 29 0.017 0.052
70 125 38 0.079 0.032
70 142 42 0.055 0.02
70 143 96 0.03 0.054
70 146 40 0.051 0.014
70 147 57 0.044 0.062
70 151 20 0.041 0.045
70 152 96 0.029 0.03
70 167 33 0.009 0.037
70 189 32 0.015 0.034
70 195 65 0.001 0.02
70 212 20 0.011 0.019
70 239 71 0.059 0.028
70 249 81 0.038 0.007
70 258 96 0.048 0.003
70 261 72 0.029 0.057
70 262 88 0.013 0.012
70 269 3 0.039 0.012
70 274 52 0.021 0.028
70 292 4 0.034 0.114
70 296 85 0.023 0.013
71 79 77 0.022 0.001
71 80 38 0.014 0.024
71 82 37 0.079 0.042
71 83 33 0.03 0.03
71 89 61 0.028 0.019
71 97 28 0.012 0.05
71 99 48 0.013 0.074
71 112 30 0.027 0.049
71 121 33 0.032 0.023
71 140 9 0.028 0.02
71 172 81 0.001 0.031
71 173 24 0.028 0.022
71 175 40 0.047 0.045
71 180 57 0.038 0.018
71 181 17 0.037 0.019
71 198 58 0.013 0.009
71 199 79 0.042 0.029
71 210 9 0.031 0.052
71 214 54 0.034 0.02
71 227 55 0.031 0.022
71 230 17 0.011 0.036
71 231 27 0.012 0.003
71 232 91 0.029 0.027
71 235 76 0.029 0.059
71 240 5 0.051 0.027
71 252 13 0.008 0.042
71 263 79 0.057 0.06
71 293 49 0.034 0.028
72 83 7 0.03 0.048
72 84 49 0.061 0.004
72 87 42 0.025 0.006
72 103 16 0.047 0.025
72 118 74 0.043 0.022
72 122 30 0.045 0.004
72 136 47 0.005 0.016
72 138 44 0.023 0.091
72 145 50 0.001 0.03
72 152 8 0.042 0.076
72 170 75 0.013 0.101
72 174 60 0.036 0.071
72 178 90 0.042 0.049
72 195 17 0.05 0.003
72 196 76 0.028 0.046
72 201 49 0.014 0.031
72 205 68 0.028 0.119
72 212 45 0.003 0.01
72 219 35 0.024 0.028
72 241 23 0.009 0.03
72 261 99 0.027 0.035
72 271 81 0.014 0.009
72 276 30 0.028 0.012
72 281 60 0.039 0.011
72 282 39 0.016 0.029
72 284 55 0.026 0.017
72 288 83 0.04 0.014
72 299 23 0.001 0.034
73 76 54 0.047 0.037
73 94 37 0.042 0.026
73 109 9 0.011 0.028
73 117 29 0.031 0.068
73 126 53 0.091 0.081
73 137 90 0.006 0.051
73 159 97 0.064 0.008
73 164 50 0.013 0.054
73 166 80 0.066 0.025
73 168 74 0.037 0.024
73 173 80 0.021 0.009
73 204 21 0.046 0.033
73 229 61 0.014 0.018
73 266 32 0.002 0.04
73 273 58 0.143 0.06
73 275 24 0.058 0.035
73 277 34 0.008 0.04
73 289 9 0.022 0.039
74 76 65 0.012 0.014
74 90 98 0.031 0.03
74 92 49 0.001 0.021
74 98 41 0.005 0.064
74 115 23 0.022 0.093
74 119 31 0.047 0.017
74 123 21 0.066 0.025
74 126 78 0.046 0.061
74 134 76 0.073 0.016
74 172 92 0.049 0.032
74 188 45 0.041 0.044
74 189 54 0.016 0.039
74 192 77 0.01 0.008
74 217 19 0.076 0.025
74 239 79 0.035 0.047
74 242 58 0.022 0.004
74 254 15 0.046 0.07
74 257 26 0.002 0.047
74 272 50 0.059 0.057
74 277 41 0.03 0.012
74 283 90 0.01 0.03
74 295 89 0.001 0.002
75 79 74 0.025 0.032
75 83 99 0.024 0.002
75 95 58 0.024 0.019
75 96 58 0.044 0.073
75 105 34 0.021 0.031
75 108 20 0.072 0.029
75 124 78 0.025 0.024
75 150 71 0.058 0.035
75 155 100 0.024 0.054
75 165 97 0.116 0.041
75 171 4 0.006 0.036
75 172 62 0.008 0.024
75 176 52 0.016 0.022
75 183 4 0.031 0.018
75 189 41 0.058 0.047
75 228 27 0.008 0.033
75 247 76 0.084 0.034
75 297 86 0.006 0.002
75 298 3 0.057 0.026
76 80 56 0.059 0.061
76 97 100 0.035 0.057
76 104 49 0.034 0.005
76 106 37 0.03 0.017
76 125 97 0.02 0.015
76 129 32 0.006 0.069
76 131 43 0.025 0.05
76 135 29 0.111 0.028
76 169 100 0.092 0.003
76 182 62 0.048 0.059
76 192 83 0.027 0.006
76 198 13 0.042 0.13
76 207 1 0.033 0.001
76 219 75 0.056 0.051
76 228 88 0.039 0.021
76 234 67 0.044 0.032
76 238 28 0.001 0.079
76 254 26 0.019 0.035
76 259 84 0.033 0.006
76 277 74 0.015 0.001
77 107 36 0.024 0.018
77 108 99 0.007 0.006
77 113 94 0.093 0.035
77 120 54 0.029 0.019
77 122 18 0.022 0.047
77 149 37 0.058 0.059
77 170 69 0.044 0.058
77 172 64 0.056 0.023
77 179 28 0.012 0.036
77 204 35 0.014 0.021
77 205 62 0.029 0.02
77 207 40 0.005 0.056
77 212 2 0.025 0.023
77 220 32 0.02 0.022
77 221 97 0.051 0.026
77 230 74 0.072 0.006
77 241 61 0.013 0.033
77 246 78 0.064 0.026
77 265 32 0.026 0.034
77 277 99 0.013 0.005
77 285 25 0.012 0.007
77 286 52 0.008 0.116
77 287 50 0.036 0.054
77 297 53 0.037 0.025
78 100 97 0.058 0.037
78 102 47 0.026 0.038
78 115 94 0.038 0.01
78 123 85 0.04 0.002
78 137 60 0.032 0.025
78 144 14 0.088 0.06
78 147 70 0.02 0.041
78 158 32 0.03 0.011
78 170 84 0.127 0.035
78 192 76 0.009 0.026
78 203 89 0.001 0.006
78 220 29 0.016 0.094
78 226 60 0.013 0.085
78 227 70 0.034 0.038
78 259 11 0.062 0.029
78 260 55 0.005 0.029
79 80 75 0.02 0.07
79 94 16 0.051 0.026
79 97 8 0.001 0.052
79 102 62 0.007 0.019
79 115 44 0.03 0.035
79 119 60 0.05 0.032
79 122 67 0.023 0.096
79 127 92 0.052 0.024
79 128 19 0.023 0.018
79 135 71 0.049 0.062
79 144 44 0.023 0.119
79 158 44 0.057 0.079
79 160 73 0.008 0.028
79 162 14 0.018 0.031
79 164 45 0.005 0.025
79 179 30 0.015 0.012
79 181 31 0.022 0.007
79 200 43 0.018 0.02
79 213 45 0.032 0.035
79 220 16 0.023 0.045
79 224 11 0.019 0.063
79 239 6 0.044 0.035
79 248 19 0.035 0.112
79 258 91 0.074 0.024
80 95 42 0.036 0.028
80 101 99 0.044 0.079
80 111 2 0.004 0.044
80 112 81 0.077 0.075
80 124 76 0.007 0.037
80 131 53 0.004 0.01
80 146 61 0.048 0.048
80 151 86 0.019 0.011
80 152 96 0.014 0.034
80 182 94 0.049 0.035
80 183 67 0.018 0.067
80 194 69 0.044 0.003
80 205 34 0.002 0.017
80 242 93 0.048 0.063
80 243 90 0.032 0.023
80 249 2 0.068 0.008
80 261 3 0.048 0.016
81 108 61 0.057 0.031
81 111 78 0.069 0.022
81 116 27 0.023 0.017
81 129 13 0.027 0.011
81 149 37 0.036 0.011
81 152 28 0.04 0.019
81 154 33 0.031 0.043
81 185 71 0.01 0.02
81 203 91 0.03 0.029
81 205 14 0.01 0.001
81 229 24 0.042 0.06
81 232 62 0.058 0.058
81 242 23 0.002 0.008
81 246 83 0.059 0.013
81 248 4 0.013 0.071
81 249 51 0.049 0.007
81 251 18 0.033 0.017
81 264 100 0.046 0.008
81 279 25 0.05 0.041
81 282 55 0.027 0.027
81 290 61 0.037 0.004
82 83 81 0.015 0.015
82 84 18 0.042 0.11
82 96 73 0.005 0.021
82 100 39 0.022 0.015
82 104 7 0.03 0.066
82 108 10 0.032 0.031
82 111 51 0.038 0.032
82 112 2 0.024 0.03
82 114 38 0.029 0.072
82 125 2 0.066 0.008
82 151 42 0.003 0.065
82 158 66 0.023 0.006
82 159 80 0.031 0.03
82 165 50 0.031 0.017
82 173 21 0.046 0.05
82 180 68 0.005 0.037
82 184 1 0.003 0.05
82 185 8 0.01 0.021
82 193 50 0.028 0.058
82 194 13 0.026 0.024
82 215 6 0.017 0.003
82 226 86 0.039 0.001
82 227 89 0.029 0.024
82 242 72 0.038 0.007
82 254 77 0.006 0.015
82 255 79 0.006 0.011
82 261 81 0.04 0.065
82 264 3 0.049 0.037
82 292 23 0.004 0.019
82 294 77 0.017 0.024
83 89 53 0.054 0.047
83 93 98 0.047 0.048
83 94 24 0.048 0.03
83 97 9 0.008 0.026
83 105 34 0.035 0.083
83 120 96 0.021 0.005
83 131 78 0.026 0.012
83 153 92 0.024 0.031
83 159 2 0.031 0.008
83 161 24 0.058 0.01
83 165 65 0.02 0.006
83 173 82 0.008 0.033
83 176 94 0.021 0.036
83 190 84 0.057 0.016
83 200 82 0.01 0.034
83 236 62 0.012 0.067
83 238 48 0.032 0.056
83 241 5 0.015 0.019
83 242 99 0.013 0.001
83 251 69 0.002 0.028
83 264 70 0.002 0.034
83 270 42 0.001 0.069
83 294 7 0.006 0.065
84 91 46 0.034 0.044
84 109 87 0.003 0.004
84 110 37 0.013 0.045
84 125 78 0.009 0.014
84 139 56 0.006 0.035
84 167 61 0.031 0.01
84 168 15 0.069 0.043
84 171 72 0.041 0.016
84 173 20 0.035 0.054
84 175 54 0.005 0.034
84 181 13 0.072 0.029
84 188 27 0.048 0.017
84 216 57 0.022 0.034
84 229 12 0.01 0.02
84 235 33 0.029 0.077
84 249 29 0.083 0.01
84 283 28 0.01 0.102
84 297 15 0.046 0.003
85 98 34 0.02 0.025
85 102 3 0.036 0.047
85 105 60 0.007 0.039
85 113 43 0.08 0.051
85 120 4 0.021 0.034
85 131 18 0.011 0.024
85 143 22 0.066 0.076
85 151 93 0.022 0.017
85 154 77 0.037 0.03
85 164 16 0.057 0.028
85 165 73 0.053 0.056
85 177 75 0.012 0.096
85 197 56 0.036 0.009
85 204 24 0.041 0.023
85 210 37 0.008 0.105
85 247 21 0.008 0.042
85 249 50 0.008 0.031
85 257 66 0.025 0.027
85 266 99 0.04 0.025
85 275 89 0.04 0.037
85 299 12 0.003 0.06
86 99 29 0.024 0.014
86 102 15 0.022 0.042
86 121 91 0.001 0.019
86 123 12 0.014 0.05
86 125 92 0.054 0.013
86 133 13 0.05 0.088
86 138 71 0.021 0.049
86 142 2 0.019 0.008
86 149 93 0.034 0.014
86 154 52 0.05 0.039
86 161 18 0.007 0.005
86 169 90 0.019 0.055
86 194 45 0.029 0.003
86 203 23 0.039 0.009
86 209 5 0.014 0.065
86 228 33 0.07 0.03
86 246 4 0.038 0.008
86 247 7 0.047 0.054
86 258 8 0.05 0.05
86 262 61 0.049 0.053
86 275 66 0.021 0.019
86 283 2 0.108 0.017
87 91 2 0.063 0.04
87 101 86 0.038 0.027
87 106 33 0.085 0.019
87 119 3 0.011 0.017
87 132 65 0.055 0.008
87 137 100 0.025 0.01
87 144 7 0.047 0.033
87 145 47 0.003 0.076
87 149 14 0.052 0.036
87 157 67 0.03 0.107
87 161 54 0.01 0.031
87 183 93 0.034 0.065
87 202 32 0.024 0.069
87 212 91 0.056 0.019
87 228 34 0.039 0.013
87 251 23 0.046 0.025
87 266 54 0.06 0.032
87 274 14 0.011 0.005
87 278 18 0.047 0.089
87 289 55 0.005 0.061
88 97 31 0.048 0.077
88 103 48 0.029 0.021
88 125 26 0.049 0.029
88 130 81 0.069 0.065
88 132 59 0.035 0.015
88 142 68 0.053 0.025
88 192 88 0.034 0.028
88 197 15 0.036 0.063
88 207 45 0.033 0.005
88 219 36 0.019 0.014
88 221 35 0.024 0.04
88 233 96 0.048 0.061
88 261 77 0.053 0.013
88 262 53 0.011 0.014
88 294 36 0.013 0.03
88 297 58 0.051 0.123
88 299 90 0.007 0.044
89 120 58 0.017 0.06
89 122 61 0.031 0.007
89 124 58 0.002 0.056
89 125 72 0.02 0.026
89 133 29 0.008 0.002
89 139 18 0.02 0.027
89 145 35 0.02 0.008
89 149 15 0.013 0.053
89 151 95 0.037 0.053
89 168 3 0.019 0.067
89 169 93 0.039 0.003
89 172 17 0.012 0.01
89 176 46 0.042 0.007
89 179 77 0.032 0.014
89 180 80 0.064 0.014
89 189 24 0.044 0.028
89 229 59 0.066 0.039
89 246 47 0.074 0.026
89 249 91 0.041 0.07
89 256 12 0.014 0.022
89 262 93 0.015 0.029
89 264 45 0.046 0.034
89 274 75 0.021 0.071
90 93 87 0.008 0.034
90 96 63 0.043 0.013
90 119 91 0.055 0.023
90 122 85 0.028 0.004
90 138 3 0.03 0.027
90 143 53 0.044 0.036
90 146 52 0.011 0.051
90 148 16 0.062 0.1
90 151 40 0.011 0.038
90 164 3 0.031 0.001
90 176 53 0.041 0.01
90 191 42 0.025 0.028
90 205 66 0.019 0.043
90 211 58 0.042 0.043
90 218 24 0.076 0.027
90 219 81 0.006 0.047
90 221 1 0.071 0.019
90 244 30 0.027 0.039
90 251 75 0.046 0.01
90 255 23 0.041 0.022
90 257 97 0.033 0.039
90 262 25 0.004 0.019
90 295 82 0.043 0.021
91 95 88 0.04 0.009
91 97 64 0.022 0.037
91 101 43 0.005 0.071
91 105 34 0.001 0.012
91 109 5 0.02 0.071
91 118 26 0.036 0.019
91 130 91 0.003 0.061
91 138 10 0.048 0.048
91 140 70 0.051 0.01
91 145 49 0.007 0.009
91 150 93 0.001 0.05
91 179 5 0.022 0.044
91 199 56 0.05 0.035
91 251 85 0.049 0.024
91 255 81 0.03 0.005
91 277 11 0.036 0.049
91 293 70 0.004 0.003
92 94 62 0.036 0.017
92 101 100 0.021 0.004
92 116 93 0.042 0.008
92 124 21 0.078 0.026
92 138 26 0.071 0.021
92 175 94 0.01 0.03
92 177 90 0.021 0.054
92 182 43 0.012 0.054
92 216 37 0.064 0.031
92 224 39 0.08 0.016
92 243 47 0.041 0.019
92 254 59 0.008 0.002
92 266 74 0.043 0.035
92 278 61 0.091 0.077
92 295 77 0.031 0.012
92 296 29 0.118 0.058
93 108 76 0.019 0.058
93 127 79 0.033 0.024
93 136 4 0.008 0.009
93 145 62 0.052 0.026
93 147 69 0.025 0.042
93 157 81 0.04 0.053
93 170 98 0.102 0.087
93 172 62 0.017 0.016
93 180 19 0.076 0.01
93 185 66 0.091 0.047
93 189 97 0.035 0.098
93 197 78 0.032 0.06
93 208 53 0.085 0.053
93 291 11 0.009 0.02
93 296 48 0.093 0.006
94 98 3 0.032 0.062
94 99 94 0.036 0.057
94 106 78 0.026 0.006
94 110 80 0.059 0.025
94 113 78 0.023 0.02
94 130 80 0.054 0.033
94 131 91 0.079 0.013
94 134 74 0.036 0.014
94 150 75 0.013 0.025
94 213 18 0.059 0.011
94 215 77 0.012 0.036
94 217 11 0.047 0.017
94 233 83 0.036 0.033
94 236 48 0.02 0.07
94 241 85 0.018 0.011
94 242 27 0.042 0.008
94 244 59 0.013 0.02
94 265 90 0.013 0.021
94 266 1 0.038 0.006
94 270 67 0.069 0.014
95 107 54 0.059 0.045
95 111 45 0.04 0.011
95 116 75 0.038 0.018
95 118 51 0.064 0.057
95 133 49 0.039 0.046
95 140 32 0.031 0.035
95 171 88 0.003 0.018
95 173 82 0.013 0.003
95 176 12 0.03 0.003
95 182 60 0.004 0.019
95 186 32 0.045 0.05
95 191 90 0.047 0.052
95 192 30 0.018 0.043
95 209 67 0.041 0.054
95 219 26 0.035 0.021
95 229 39 0.048 0.037
95 233 50 0.028 0.046
95 239 67 0.036 0.002
95 246 97 0.044 0.002
95 255 8 0.039 0.04
95 258 18 0.012 0.026
95 264 66 0.048 0.049
95 275 62 0.039 0.036
95 282 19 0.015 0.049
96 97 42 0.006 0.043
96 110 87 0.031 0.055
96 112 32 0.072 0.004
96 128 44 0.014 0.027
96 142 24 0.063 0.034
96 168 28 0.041 0.023
96 180 70 0.02 0.023
96 190 45 0.016 0.056
96 194 79 0.094 0.025
96 207 7 0.03 0.006
96 220 82 0.028 0.016
96 224 33 0.027 0.013
96 265 51 0.059 0.073
96 269 12 0.034 0.04
96 274 85 0.116 0.008
96 288 63 0.025 0.014
97 98 32 0.029 0.059
97 99 65 0.001 0.027
97 137 52 0.093 0.005
97 152 42 0.073 0.037
97 188 69 0.002 0.076
97 208 56 0.05 0.01
97 212 5 0.031 0.014
97 221 4 0.026 0.037
97 222 69 0.008 0.031
97 259 55 0.022 0.046
97 275 81 0.095 0.037
98 123 19 0.002 0.021
98 144 3 0.011 0.07
98 146 100 0.031 0.022
98 150 11 0.058 0.053
98 152 15 0.04 0.02
98 154 73 0.071 0.001
98 176 60 0.064 0.008
98 221 81 0.078 0.02
98 244 61 0.071 0.014
98 256 70 0.04 0.01
98 259 16 0.079 0.025
98 277 16 0.034 0.017
98 282 83 0.008 0.029
98 285 93 0.026 0.04
99 100 56 0.066 0.007
99 117 81 0.011 0.013
99 123 77 0.049 0.005
99 132 8 0.053 0.013
99 141 58 0.018 0.023
99 143 37 0.055 0.056
99 151 70 0.035 0.037
99 225 11 0.055 0.045
99 233 63 0.046 0.024
99 238 17 0.005 0.057
99 243 31 0.023 0.023
99 274 73 0.006 0.02
99 275 83 0.038 0.012
99 280 56 0.001 0.049
100 105 5 0.001 0.027
100 108 75 0.029 0.044
100 112 97 0.028 0.029
100 113 91 0.031 0.025
100 119 70 0.027 0.046
100 137 75 0.027 0.012
100 143 61 0.046 0.014
100 144 95 0.035 0.028
100 146 3 0.022 0.003
100 180 68 0.01 0.052
100 182 80 0.028 0.038
100 192 21 0.014 0.023
100 195 13 0.033 0.053
100 201 97 0.02 0.077
100 207 35 0.017 0.013
100 219 81 0.026 0.073
100 220 94 0.015 0.002
100 230 36 0.084 0.049
100 231 53 0.06 0.066
100 236 12 0.03 0.055
100 242 76 0.013 0.036
100 254 11 0.016 0.073
100 255 2 0.057 0.022
100 279 46 0.014 0.057
100 288 34 0.022 0.001
100 290 89 0.014 0.019
100 291 15 0.025 0.037
101 116 44 0.011 0.023
101 120 23 0.005 0.054
101 125 98 0.011 0.069
101 129 24 0.015 0.007
101 134 39 0.023 0.008
101 144 26 0.063 0.043
101 149 49 0.012 0.054
101 150 92 0.048 0.026
101 151 6 0.05 0.03
101 175 63 0.026 0.074
101 178 76 0.069 0.041
101 181 31 0.043 0.041
101 191 43 0.005 0.023
101 194 46 0.019 0.013
101 201 79 0.021 0.061
101 241 48 0.016 0.079
101 243 95 0.051 0.032
101 254 23 0.049 0.008
101 265 35 0.03 0.032
101 271 86 0.09 0.069
101 280 89 0.016 0.065
101 284 12 0.009 0.042
101 285 35 0.019 0.051
102 107 94 0.092 0.04
102 111 22 0.023 0.02
102 113 66 0.021 0.043
102 114 44 0.033 0.007
102 115 4 0.022 0.016
102 128 38 0.02 0.017
102 157 24 0.023 0.041
102 171 67 0.044 0.023
102 179 10 0.031 0.003
102 185 22 0.038 0.064
102 197 40 0.013 0.012
102 198 81 0.03 0.032
102 213 83 0.016 0.02
102 240 76 0.061 0.024
102 250 99 0.044 0.019
102 271 99 0.01 0.009
102 284 77 0.003 0.015
102 298 84 0.036 0.111
103 106 47 0.046 0.041
103 115 90 0.018 0.075
103 128 84 0.034 0.004
103 129 41 0.021 0.046
103 134 18 0.014 0.041
103 137 7 0.064 0.028
103 138 88 0.024 0.072
103 167 96 0.015 0.112
103 183 94 0.037 0.067
103 187 33 0.028 0.083
103 188 27 0.048 0.02
103 196 66 0.014 0.008
103 197 22 0.004 0.018
103 203 57 0.05 0.036
103 205 66 0.004 0.048
103 206 71 0.047 0.012
103 210 5 0.019 0.022
103 217 17 0.058 0.014
103 218 62 0.033 0.053
103 232 100 0.047 0.006
103 248 16 0.002 0.013
103 253 25 0.055 0.002
103 271 69 0.029 0.007
104 117 23 0.03 0.019
104 127 96 0.02 0.051
104 139 25 0.057 0.013
104 177 54 0.059 0.027
104 181 65 0.017 0.092
104 200 9 0.036 0.027
104 215 98 0.006 0.16
104 216 19 0.059 0.084
104 226 70 0.051 0.04
104 240 99 0.012 0.017
104 253 49 0.014 0.059
104 273 5 0.039 0.09
104 274 58 0.021 0.018
104 281 81 0.061 0.041
104 289 61 0.072 0.01
105 107 18 0.031 0.033
105 175 95 0.019 0.015
105 182 32 0.041 0.061
105 203 56 0.074 0.039
105 210 18 0.003 0.023
105 217 41 0.01 0.021
105 218 68 0.023 0.038
105 222 65 0.009 0.035
105 234 46 0.03 0.004
105 241 1 0.076 0.048
105 243 77 0.013 0.038
105 250 44 0.01 0.036
105 261 39 0.028 0.021
105 266 30 0.062 0.025
105 269 40 0.033 0.024
105 296 14 0.04 0.084
106 131 71 0.021 0.017
106 133 94 0.009 0.037
106 156 92 0.054 0.041
106 166 9 0.007 0.01
106 174 2 0.024 0.024
106 175 72 0.045 0.028
106 178 10 0.014 0.036
106 183 86 0.025 0.086
106 193 30 0.065 0.02
106 217 80 0.129 0.044
106 221 100 0.031 0.053
106 239 99 0.043 0.021
106 250 29 0.052 0.061
106 256 5 0.021 0.011
106 258 58 0.017 0.009
106 267 57 0.005 0.002
106 269 15 0.092 0.052
106 288 9 0.008 0.069
106 289 49 0.001 0.056
107 128 68 0.06 0.044
107 129 80 0.001 0.054
107 146 77 0.012 0.036
107 150 89 0.013 0.033
107 196 38 0.066 0.016
107 223 34 0.005 0.042
107 225 3 0.021 0.014
107 231 60 0.003 0.077
107 256 70 0.049 0.015
107 263 11 0.012 0.042
107 269 44 0.019 0.028
107 291 45 0.021 0.053
108 177 44 0.056 0.05
108 179 97 0.034 0.043
108 193 3 0.026 0.034
108 194 34 0.022 0.05
108 216 100 0.031 0.057
108 218 66 0.041 0.024
108 223 21 0.043 0.036
108 225 42 0.061 0.095
108 238 72 0.019 0.018
108 241 26 0.022 0.041
108 244 64 0.034 0.031
108 246 85 0.092 0.02
108 260 86 0.065 0.033
108 267 79 0.027 0.016
108 278 89 0.003 0.018
108 281 46 0.024 0.007
108 284 62 0.048 0.005
108 299 80 0.028 0.049
109 110 44 0.039 0.02
109 116 8 0.004 0.013
109 117 27 0.068 0.076
109 127 22 0.017 0.002
109 142 13 0.032 0.064
109 148 97 0.058 0.033
109 163 66 0.001 0.12
109 164 97 0.058 0.029
109 172 80 0.016 0.002
109 179 61 0.017 0.002
109 198 62 0.049 0.017
109 200 11 0.058 0.048
109 202 66 0.001 0.054
109 206 63 0.051 0.005
109 216 67 0.036 0.005
109 217 37 0.022 0.048
109 240 34 0.043 0.033
109 242 62 0.08 0.067
109 251 40 0.035 0.042
109 255 4 0.07 0.006
109 260 49 0.005 0.043
109 290 24 0.01 0.016
110 119 50 0.011 0.032
110 122 11 0.018 0.008
110 129 91 0.065 0.015
110 136 78 0.032 0.024
110 156 73 0.035 0.029
110 161 63 0.012 0.018
110 168 97 0.023 0.053
110 170 59 0.015 0.016
110 185 8 0.063 0.025
110 193 50 0.035 0.003
110 212 2 0.022 0.038
110 223 14 0.048 0.022
110 225 47 0.014 0.134
110 259 31 0.061 0.003
110 265 19 0.033 0.025
110 270 94 0.078 0.001
110 271 23 0.022 0.04
110 282 87 0.003 0.044
110 283 88 0.003 0.006
110 285 58 0.016 0.028
111 112 11 0.021 0.058
111 115 17 0.023 0.059
111 123 73 0.034 0.039
111 127 5 0.011 0.002
111 136 4 0.062 0.023
111 140 84 0.084 0.028
111 147 29 0.065 0.002
111 163 34 0.043 0.057
111 168 82 0.078 0.023
111 174 64 0.068 0.019
111 175 54 0.026 0.044
111 198 45 0.106 0.03
111 219 81 0.018 0.073
111 239 71 0.043 0.038
112 115 86 0.02 0.024
112 130 77 0.081 0.011
112 133 68 0.03 0.025
112 136 93 0.019 0.024
112 138 55 0.041 0.043
112 161 64 0.03 0.005
112 175 13 0.094 0.034
112 190 36 0.017 0.028
112 208 67 0.049 0.024
112 229 23 0.018 0.044
112 233 73 0.008 0.043
112 249 98 0.016 0.049
112 264 24 0.048 0.016
112 269 92 0.078 0.054
112 271 23 0.039 0.026
112 282 37 0.004 0.029
112 284 62 0.011 0.032
112 289 46 0.028 0.012
113 120 44 0.04 0.005
113 140 42 0.058 0.008
113 160 3 0.034 0.023
113 162 27 0.026 0.087
113 163 67 0.007 0.053
113 165 33 0.041 0.043
113 176 13 0.002 0.024
113 187 5 0.038 0.095
113 191 10 0.025 0.03
113 192 90 0.059 0.011
113 200 64 0.021 0.017
113 210 76 0.016 0.006
113 214 97 0.075 0.001
113 234 92 0.01 0.031
113 242 48 0.004 0.022
113 244 95 0.042 0.062
113 246 44 0.051 0.02
113 264 6 0.022 0.021
113 277 60 0.024 0.017
113 291 87 0.018 0.004
113 292 59 0.002 0.023
113 294 97 0.011 0.067
114 133 68 0.01 0.011
114 136 39 0.04 0.002
114 140 77 0.037 0.008
114 142 30 0.01 0.037
114 159 63 0.047 0.03
114 163 24 0.004 0.032
114 171 5 0.037 0.035
114 184 26 0.061 0.005
114 185 80 0.008 0.068
114 201 61 0.004 0.031
114 219 48 0.05 0.007
114 244 22 0.033 0.025
114 245 56 0.014 0.01
114 256 91 0.054 0.026
114 259 22 0.044 0.029
114 271 54 0.062 0.019
114 280 40 0.029 0.046
114 287 70 0.017 0.034
115 123 30 0.028 0.042
115 127 88 0.003 0.034
115 134 31 0.018 0.038
115 139 73 0.006 0.061
115 149 19 0.017 0.052
115 157 3 0.025 0.03
115 158 60 0.026 0.003
115 173 2 0.02 0.004
115 184 1 0.001 0.023
115 213 67 0.024 0.009
115 219 14 0.003 0.01
115 243 99 0.005 0.015
115 253 6 0.045 0.036
115 255 12 0.018 0.023
115 262 54 0.078 0.048
115 264 82 0.007 0.025
115 268 92 0.007 0.052
115 270 9 0.033 0.036
115 283 90 0.089 0.011
116 125 37 0.072 0.027
116 127 65 0.009 0.007
116 137 69 0.015 0.008
116 148 79 0.049 0.047
116 150 31 0.072 0.05
116 163 56 0.048 0.009
116 179 35 0.06 0.07
116 188 34 0.023 0.027
116 194 91 0.034 0.026
116 203 73 0.054 0.003
116 214 78 0.011 0.03
116 223 39 0.005 0.001
116 236 55 0.027 0.054
116 237 75 0.037 0.018
116 243 94 0.044 0.016
116 257 53 0.033 0.041
116 274 25 0.059 0.105
116 296 39 0.017 0.031
117 140 69 0.082 0.025
117 142 98 0.018 0.027
117 144 43 0.073 0.086
117 145 64 0.001 0.045
117 156 20 0.081 0.056
117 158 3 0.005 0.045
117 182 33 0.031 0.031
117 185 82 0.04 0.039
117 191 16 0.009 0.044
117 196 42 0.006 0.009
117 222 87 0.049 0.078
117 226 54 0.013 0.049
117 228 49 0.009 0.081
117 232 21 0.078 0.069
117 238 91 0.01 0.022
117 257 71 0.054 0.058
117 258 100 0.009 0.001
117 261 67 0.035 0.01
117 263 89 0.007 0.034
117 277 32 0.05 0.027
118 122 96 0.074 0.019
118 124 77 0.016 0.037
118 128 50 0.095 0.043
118 130 84 0.01 0.015
118 140 62 0.053 0.033
118 141 21 0.087 0.024
118 150 91 0.039 0.014
118 157 42 0.006 0.1
118 161 42 0.003 0.024
118 169 60 0.019 0.003
118 182 87 0.008 0.032
118 194 23 0.027 0.03
118 197 62 0.072 0.007
118 203 85 0.029 0.021
118 216 84 0.032 0.052
118 222 2 0.022 0.008
118 226 34 0.017 0.03
118 272 12 0.011 0.011
119 127 14 0.004 0.012
119 138 87 0.018 0.016
119 141 48 0.015 0.055
119 152 16 0.01 0.032
119 168 53 0.018 0.041
119 172 100 0.054 0.024
119 175 77 0.018 0.001
119 188 5 0.012 0.018
119 192 33 0.005 0.02
119 205 17 0.027 0.003
119 211 100 0.018 0.037
119 222 67 0.04 0.077
119 229 93 0.036 0.026
119 244 54 0.037 0.029
119 248 9 0.024 0.038
119 249 46 0.019 0.035
119 250 40 0.017 0.017
119 253 59 0.057 0.073
119 267 12 0.027 0.085
119 273 86 0.027 0.005
119 276 75 0.015 0.077
119 292 41 0.016 0.044
119 293 60 0.004 0.007
119 299 56 0.009 0.047
120 123 57 0.04 0.039
120 139 11 0.012 0.048
120 141 72 0.007 0.006
120 144 59 0.024 0.001
120 158 29 0.087 0.026
120 165 38 0.022 0.046
120 175 59 0.053 0.028
120 250 69 0.032 0.08
120 258 54 0.027 0.008
120 263 2 0.05 0.047
120 268 74 0.059 0.136
120 273 11 0.027 0.013
120 280 41 0.017 0.031
120 283 30 0.021 0.019
120 287 44 0.023 0.036
120 293 42 0.024 0.018
121 123 87 0.109 0.019
121 131 94 0.022 0.026
121 141 25 0.013 0.041
121 142 4 0.057 0.055
121 155 60 0.038 0.058
121 175 45 0.052 0.027
121 179 73 0.005 0.018
121 192 2 0.013 0.03
121 203 90 0.011 0.056
121 224 71 0.038 0.051
121 226 99 0.036 0.025
121 228 95 0.018 0.023
121 229 55 0.039 0.006
121 242 16 0.05 0.004
121 253 82 0.03 0.041
121 268 93 0.014 0.068
121 289 21 0.008 0.022
121 290 26 0.086 0.051
121 296 85 0.016 0.015
122 127 86 0.013 0.055
122 129 16 0.023 0.051
122 140 61 0.003 0.016
122 154 100 0.032 0.036
122 166 42 0.046 0.049
122 181 75 0.057 0.023
122 183 49 0.008 0.075
122 186 52 0.032 0.007
122 188 94 0.012 0.014
122 191 26 0.031 0.023
122 194 37 0.012 0.051
122 197 20 0.015 0.026
122 208 7 0.042 0.018
122 210 97 0.015 0.052
122 233 57 0.071 0.017
122 235 68 0.096 0.023
122 245 32 0.044 0.041
122 272 51 0.006 0.01
122 273 50 0.005 0.038
122 274 20 0.002 0.007
122 294 65 0.023 0.113
122 298 51 0.015 0.06
123 135 32 0.055 0.04
123 153 43 0.052 0.029
123 156 47 0.01 0.066
123 166 51 0.037 0.053
123 172 24 0.011 0.015
123 188 73 0.019 0.03
123 190 45 0.018 0.041
123 191 19 0.002 0.048
123 195 80 0.023 0.043
123 199 82 0.065 0.018
123 207 92 0.017 0.022
123 208 19 0.022 0.016
123 214 8 0.001 0.041
123 216 75 0.019 0.002
123 221 48 0.001 0.043
123 222 71 0.002 0.037
123 229 97 0.017 0.02
123 230 75 0.024 0.005
123 231 9 0.011 0.024
123 245 29 0.021 0.013
123 249 77 0.004 0.075
123 255 25 0.007 0.029
123 259 60 0.032 0.033
123 262 93 0.024 0.06
123 280 5 0.032 0.018
123 283 38 0.041 0.049
123 291 92 0.027 0.032
124 126 6 0.024 0.019
124 130 50 0.016 0.021
124 139 48 0.002 0.017
124 147 71 0.04 0.034
124 148 88 0.076 0.054
124 182 87 0.079 0.023
124 191 26 0.019 0.021
124 195 12 0.024 0.016
124 197 9 0.019 0.002
124 199 68 0.017 0.02
124 231 9 0.029 0.056
124 238 47 0.034 0.067
124 245 89 0.052 0.022
124 262 49 0.047 0.018
124 272 30 0.045 0.031
124 281 91 0.002 0.011
124 282 58 0.013 0.055
125 128 38 0.022 0.107
125 158 25 0.036 0.002
125 165 36 0.055 0.028
125 169 47 0.019 0.102
125 179 60 0.016 0.026
125 186 59 0.043 0.048
125 194 88 0.023 0.019
125 201 71 0.019 0.038
125 207 34 0.013 0.078
125 216 26 0.048 0.001
125 225 54 0.02 0.03
125 246 63 0.044 0.042
125 275 14 0.01 0.07
125 283 76 0.025 0.02
125 288 15 0.06 0.044
125 297 4 0.014 0.024
126 135 43 0.012 0.069
126 141 50 0.015 0.028
126 153 98 0.082 0.016
126 156 86 0.041 0.057
126 165 81 0.049 0.026
126 194 12 0.033 0.068
126 230 83 0.024 0.024
126 237 25 0.059 0.007
126 257 7 0.012 0.011
126 298 92 0.037 0.086
126 299 1 0.076 0.022
127 137 28 0.041 0.016
127 166 59 0.047 0.043
127 180 25 0.026 0.045
127 186 48 0.073 0.015
127 194 90 0.042 0.019
127 208 51 0.121 0.033
127 214 38 0.014 0.009
127 218 46 0.02 0.022
127 220 15 0.017 0.004
127 229 48 0.019 0.013
127 235 79 0.001 0.066
127 239 91 0.013 0.018
127 248 35 0.008 0.015
127 281 60 0.004 0.038
127 299 70 0.038 0.019
128 130 41 0.004 0.032
128 151 3 0.04 0.011
128 164 7 0.03 0.048
128 168 70 0.005 0.02
128 172 73 0.022 0.036
128 173 29 0.011 0.037
128 175 64 0.003 0.043
128 180 17 0.032 0.026
128 222 3 0.006 0.077
128 227 19 0.023 0.029
128 234 1 0.013 0.047
128 240 68 0.025 0.04
128 251 86 0.05 0.047
128 285 46 0.032 0.003
128 296 19 0.082 0.064
129 137 36 0.025 0.03
129 140 38 0.032 0.05
129 169 17 0.001 0.032
129 173 72 0.017 0.005
129 174 75 0.001 0.004
129 176 43 0.009 0.011
129 177 79 0.013 0.079
129 199 2 0.022 0.076
129 201 23 0.031 0.008
129 203 52 0.003 0.023
129 204 39 0.027 0.016
129 212 14 0.026 0.017
129 213 67 0.004 0.033
129 214 30 0.073 0.027
129 216 39 0.01 0.012
129 235 97 0.01 0.057
129 243 67 0.034 0.054
129 255 99 0.058 0.026
129 258 27 0.031 0.029
129 265 79 0.033 0.004
129 273 42 0.037 0.007
129 279 36 0.005 0.077
129 298 24 0.008 0.005
130 131 23 0.056 0.02
130 136 79 0.021 0.015
130 137 61 0.009 0.039
130 153 65 0.059 0.016
130 157 7 0.039 0.087
130 173 19 0.007 0.024
130 182 100 0.022 0.019
130 185 13 0.008 0.017
130 195 71 0.028 0.009
130 196 86 0.015 0.008
130 199 6 0.029 0.006
130 209 42 0.013 0.026
130 216 11 0.031 0.021
130 221 21 0.069 0.027
130 225 85 0.036 0.002
130 226 88 0.026 0.052
130 239 65 0.058 0.03
130 247 35 0.088 0.014
130 281 73 0.001 0.039
130 295 49 0.05 0.058
131 132 1 0.045 0.03
131 133 92 0.044 0.001
131 136 19 0.011 0.023
131 142 91 0.013 0.073
131 144 67 0.055 0.046
131 145 56 0.004 0.079
131 149 56 0.048 0.063
131 160 41 0.04 0.058
131 180 95 0.058 0.037
131 194 55 0.027 0.065
131 203 86 0.01 0.004
131 228 67 0.035 0.01
131 236 60 0.021 0.043
131 239 30 0.03 0.022
131 241 58 0.035 0.047
131 252 10 0.024 0.023
131 263 34 0.019 0.084
131 271 86 0.017 0.039
131 279 100 0.042 0.045
131 295 100 0.032 0.033
132 133 57 0.098 0.037
132 150 5 0.034 0.026
132 165 33 0.011 0.033
132 171 24 0.052 0.047
132 176 78 0.019 0.016
132 199 91 0.071 0.044
132 203 94 0.036 0.064
132 211 49 0.015 0.013
132 232 8 0.059 0.063
132 247 34 0.04 0.031
132 276 57 0.051 0.015
132 278 48 0.034 0.048
132 284 5 0.014 0.016
132 292 22 0.067 0.038
133 160 68 0.065 0.057
133 168 27 0.021 0.011
133 183 93 0.044 0.022
133 217 11 0.004 0.007
133 218 90 0.054 0.016
133 228 88 0.001 0.026
133 261 82 0.044 0.016
133 267 5 0.012 0.01
133 273 62 0.002 0.088
133 281 37 0.012 0.051
133 283 1 0.01 0.002
133 297 96 0.09 0.031
134 137 45 0.048 0.002
134 149 28 0.047 0.017
134 157 13 0.041 0.021
134 158 73 0.003 0.064
134 161 28 0.036 0.033
134 176 83 0.003 0.008
134 183 22 0.021 0.06
134 190 60 0.006 0.025
134 199 29 0.094 0.025
134 205 13 0.064 0.054
134 209 17 0.036 0.015
134 220 52 0.017 0.021
134 221 13 0.005 0.016
134 222 44 0.015 0.037
134 226 50 0.008 0.03
134 231 50 0.023 0.074
134 240 95 0.01 0.046
134 243 80 0.005 0.068
134 246 67 0.016 0.052
134 263 55 0.039 0.023
134 270 58 0.021 0.068
134 280 74 0.098 0.037
134 286 71 0.025 0.005
134 295 86 0.054 0.064
135 145 56 0.058 0.029
135 151 83 0.063 0.013
135 186 18 0.043 0.043
135 210 99 0.064 0.029
135 212 75 0.114 0.001
135 220 72 0.104 0.009
135 226 72 0.021 0.002
135 237 97 0.099 0.04
135 249 2 0.051 0.051
135 256 65 0.059 0.037
136 142 98 0.002 0.045
136 150 60 0.009 0.031
136 171 68 0.041 0.068
136 174 5 0.069 0.044
136 179 14 0.076 0.028
136 180 98 0.01 0.03
136 213 97 0.041 0.053
136 246 12 0.046 0.017
136 247 33 0.01 0.022
136 248 7 0.001 0.029
136 254 68 0.032 0.024
136 266 43 0.004 0.004
136 273 99 0.002 0.05
136 276 21 0.023 0.056
136 280 37 0.008 0.028
136 285 98 0.02 0.032
136 295 33 0.095 0.003
137 138 2 0.024 0.009
137 161 6 0.008 0.049
137 180 91 0.071 0.031
137 186 32 0.029 0.003
137 200 2 0.041 0.049
137 206 64 0.021 0.013
137 216 30 0.014 0.035
137 219 53 0.006 0.052
137 220 96 0.046 0.026
137 229 92 0.026 0.006
137 240 13 0.033 0.053
137 246 20 0.015 0.027
137 261 30 0.07 0.031
137 272 55 0.051 0.042
138 143 48 0.031 0.101
138 172 6 0.041 0.03
138 180 83 0.066 0.087
138 182 50 0.001 0.008
138 187 85 0.011 0.153
138 192 92 0.032 0.011
138 196 90 0.047 0.026
138 217 73 0.014 0.012
138 223 53 0.056 0.052
138 253 80 0.004 0.03
138 258 35 0.021 0.058
138 261 24 0.017 0.005
138 271 37 0.031 0.05
139 144 65 0.041 0.045
139 163 41 0.058 0.029
139 166 100 0.014 0.027
139 172 92 0.024 0.026
139 175 67 0.029 0.033
139 191 14 0.008 0.022
139 196 69 0.035 0.019
139 199 7 0.099 0.055
139 208 78 0.018 0.027
139 221 91 0.012 0.011
139 244 58 0.029 0.06
139 252 81 0.031 0.038
139 254 44 0.043 0.047
139 291 14 0.09 0.039
139 293 69 0.055 0.011
139 297 39 0.067 0.053
140 141 93 0.021 0.019
140 151 70 0.038 0.046
140 172 50 0.018 0.025
140 199 32 0.043 0.035
140 202 16 0.037 0.045
140 203 28 0.043 0.05
140 225 42 0.015 0.013
140 230 68 0.044 0.036
140 243 7 0.037 0.002
140 250 42 0.029 0.033
140 257 92 0.016 0.076
140 258 82 0.025 0.022
140 261 39 0.018 0.054
140 266 48 0.036 0.043
140 269 19 0.023 0.057
140 271 6 0.091 0.021
140 273 34 0.016 0.064
140 275 29 0.027 0.002
140 279 59 0.03 0.03
140 286 36 0.017 0.123
140 290 38 0.055 0.008
141 146 44 0.002 0.039
141 147 13 0.001 0.014
141 154 80 0.019 0.034
141 159 84 0.03 0.012
141 167 80 0.019 0.029
141 170 54 0.013 0.048
141 175 32 0.012 0.091
141 184 10 0.034 0.003
141 192 61 0.01 0.044
141 195 71 0.023 0.015
141 197 83 0.033 0.051
141 204 42 0.041 0.048
141 207 47 0.031 0.07
141 209 43 0.022 0.029
141 211 74 0.026 0.088
141 218 65 0.025 0.013
141 230 89 0.002 0.048
141 247 25 0.009 0.054
141 271 15 0.025 0.043
141 272 73 0.03 0.054
141 273 52 0.053 0.022
141 274 64 0.02 0.025
141 284 25 0.012 0.045
142 143 73 0.012 0.036
142 177 50 0.005 0.041
142 188 29 0.045 0.002
142 191 29 0.012 0.034
142 194 63 0.073 0.035
142 198 30 0.004 0.049
142 217 93 0.052 0.012
142 218 13 0.069 0.019
142 227 23 0.038 0.03
142 233 53 0.059 0.02
142 248 49 0.017 0.046
142 256 6 0.057 0.015
142 262 54 0.027 0.063
142 267 88 0.054 0.025
142 268 29 0.003 0.03
143 149 79 0.061 0.013
143 161 57 0.022 0.043
143 167 99 0.052 0.024
143 173 54 0.033 0.01
143 184 24 0.065 0.029
143 249 23 0.095 0.005
143 271 51 0.003 0.003
143 289 88 0.013 0.006
144 168 34 0.035 0.071
144 188 82 0.074 0.035
144 192 21 0.058 0.012
144 201 19 0.007 0.01
144 208 68 0.03 0.076
144 221 22 0.023 0.014
144 223 3 0.006 0.099
144 253 8 0.025 0.008
144 272 81 0.051 0.025
145 171 20 0.013 0.006
145 179 58 0.018 0.001
145 182 24 0.055 0.009
145 190 49 0.021 0.084
145 191 86 0.002 0.004
145 222 71 0.046 0.022
145 225 95 0.028 0.002
145 228 21 0.033 0.057
145 241 87 0.025 0.004
145 246 27 0.082 0.044
145 248 5 0.005 0.042
145 276 6 0.016 0.044
145 279 42 0.024 0.042
145 286 71 0.046 0.086
145 291 37 0.028 0.015
145 295 76 0.017 0.001
146 147 69 0.007 0.042
146 150 96 0.045 0.038
146 157 14 0.084 0.058
146 159 10 0.02 0.016
146 161 55 0.112 0.03
146 163 65 0.021 0.036
146 164 88 0.014 0.027
146 192 3 0.008 0.011
146 194 54 0.013 0.044
146 197 17 0.069 0.033
146 207 21 0.034 0.014
146 213 7 0.05 0.041
146 219 38 0.015 0.004
146 234 98 0.01 0.066
146 243 3 0.012 0.043
146 246 77 0.022 0.004
146 247 81 0.06 0.008
146 254 71 0.026 0.025
146 257 75 0.008 0.03
146 270 66 0.047 0.028
147 153 50 0.005 0.055
147 167 75 0.016 0.068
147 178 64 0.001 0.05
147 196 73 0.011 0.038
147 200 30 0.019 0.028
147 203 77 0.003 0.04
147 218 99 0.006 0.007
147 221 87 0.048 0.022
147 225 11 0.031 0.002
147 231 85 0.02 0.076
147 252 66 0.031 0.052
147 257 68 0.002 0.026
147 266 47 0.064 0.053
147 272 46 0.056 0.017
147 275 92 0.04 0.057
147 285 71 0.005 0.052
147 298 19 0.066 0.004
148 153 24 0.029 0.057
148 155 38 0.024 0.04
148 162 76 0.002 0.013
148 164 90 0.026 0.027
148 173 87 0.075 0.046
148 177 47 0.003 0.058
148 185 77 0.09 0.038
148 187 18 0.028 0.124
148 189 96 0.001 0.054
148 212 80 0.005 0.062
148 244 45 0.077 0.018
148 249 2 0.039 0.039
148 269 74 0.07 0.045
149 156 42 0.052 0.011
149 160 59 0.046 0.043
149 166 32 0.008 0.016
149 174 49 0.035 0.036
149 180 100 0.018 0.024
149 185 32 0.053 0.018
149 188 17 0.007 0.01
149 202 49 0.018 0.04
149 233 58 0.04 0.031
149 249 46 0.05 0.022
149 256 63 0.018 0.046
149 260 52 0.057 0.08
149 263 50 0.066 0.084
150 170 90 0.012 0.03
150 179 66 0.031 0.041
150 183 18 0.005 0.018
150 190 27 0.021 0.001
150 196 87 0.037 0.024
150 218 41 0.038 0.004
150 219 75 0.032 0.003
150 232 62 0.042 0.031
150 233 18 0.022 0.024
150 244 90 0.031 0.02
150 245 44 0.045 0.006
150 254 32 0.003 0.043
150 258 42 0.028 0.002
150 290 2 0.034 0.06
151 160 35 0.041 0.044
151 162 28 0.034 0.057
151 164 70 0.005 0.001
151 212 40 0.003 0.017
151 226 18 0.048 0.057
151 231 39 0.054 0.083
151 236 27 0.006 0.019
151 237 41 0.011 0.037
151 270 30 0.039 0.053
151 273 89 0.031 0.056
151 275 7 0.028 0.055
151 281 98 0.033 0.043
151 285 17 0.042 0.034
151 287 8 0.015 0.035
151 295 99 0.036 0.064
152 157 11 0.039 0.026
152 173 22 0.002 0.039
152 174 75 0.03 0.028
152 179 49 0.012 0.02
152 187 23 0.058 0.006
152 190 48 0.049 0.085
152 199 32 0.029 0.035
152 205 75 0.017 0.057
152 208 75 0.06 0.054
152 226 87 0.019 0.043
152 245 66 0.104 0.019
152 255 59 0.001 0.037
152 256 30 0.006 0.028
152 262 16 0.024 0.006
152 270 2 0.061 0.003
152 284 29 0.036 0.049
152 293 91 0.068 0.056
153 161 6 0.032 0.066
153 188 38 0.022 0.038
153 196 96 0.023 0.108
153 199 60 0.002 0.007
153 208 79 0.017 0.008
153 218 90 0.022 0.021
153 221 96 0.047 0.036
153 225 93 0.036 0.022
153 230 7 0.054 0.024
153 232 85 0.063 0.051
153 233 4 0.024 0.052
153 242 46 0.014 0.017
153 244 4 0.029 0.033
153 266 22 0.026 0.049
153 282 30 0.026 0.009
153 289 2 0.04 0.033
154 167 55 0.055 0.003
154 181 7 0.051 0.02
154 190 47 0.046 0.003
154 202 9 0.046 0.019
154 225 76 0.059 0.025
154 230 74 0.038 0.036
154 251 76 0.052 0.004
154 258 14 0.011 0.05
154 282 2 0.042 0.01
154 291 63 0.077 0.017
154 293 42 0.032 0.023
155 162 20 0.034 0.021
155 203 94 0.054 0.019
155 211 94 0.049 0.032
155 214 71 0.046 0.023
155 280 15 0.006 0.017
155 287 1 0.202 0.039
155 291 79 0.091 0.001
155 294 97 0.006 0.04
155 296 57 0.124 0.042
156 176 17 0.005 0.045
156 181 14 0.031 0.034
156 182 19 0.009 0.026
156 209 41 0.01 0.008
156 261 21 0.055 0.041
156 271 37 0.001 0.032
156 276 18 0.017 0.037
156 282 33 0.001 0.032
156 288 56 0.045 0.056
156 289 62 0.048 0.056
156 298 19 0.077 0.065
157 176 67 0.02 0.063
157 199 63 0.007 0.025
157 201 92 0.03 0.036
157 219 70 0.016 0.01
157 232 79 0.026 0.013
157 239 72 0.029 0.036
157 240 35 0.009 0.003
157 251 31 0.063 0.068
157 276 95 0.041 0.041
157 288 33 0.041 0.031
157 289 84 0.021 0.049
157 291 32 0.051 0.126
158 160 17 0.068 0.036
158 161 72 0.04 0.022
158 171 45 0.062 0.019
158 174 85 0.056 0.017
158 191 22 0.013 0.001
158 212 65 0.018 0.016
158 217 10 0.021 0.005
158 226 59 0.046 0.042
158 235 19 0.057 0.088
158 258 45 0.061 0.038
158 259 47 0.027 0.03
158 275 95 0.097 0.04
158 280 88 0.049 0.024
158 282 46 0.04 0.018
159 170 61 0.004 0.008
159 173 59 0.011 0.016
159 182 16 0.035 0.05
159 184 5 0.001 0.058
159 192 19 0.02 0.023
159 210 62 0.016 0.058
159 214 43 0.066 0.076
159 232 34 0.035 0.021
159 247 34 0.061 0.032
159 251 5 0.033 0.039
159 258 1 0.108 0.043
159 279 91 0.026 0.059
159 283 99 0.043 0.025
159 287 63 0.113 0.054
159 293 100 0.041 0.033
160 161 52 0.005 0.028
160 174 53 0.026 0.036
160 183 89 0.095 0.129
160 212 46 0.102 0.047
160 213 31 0.064 0.01
160 222 25 0.032 0.061
160 224 92 0.004 0.052
160 236 1 0.05 0.035
160 246 38 0.014 0.019
160 254 67 0.014 0.055
160 265 4 0.055 0.042
160 272 26 0.013 0.066
160 274 27 0.056 0.035
160 276 58 0.011 0.05
161 174 58 0.022 0.027
161 181 68 0.016 0.052
161 195 29 0.016 0.018
161 200 51 0.11 0.023
161 202 22 0.03 0.01
161 204 53 0.055 0.056
161 207 53 0.025 0.03
161 220 55 0.034 0.059
161 227 36 0.026 0.055
161 228 44 0.026 0.027
161 241 84 0.026 0.073
161 255 86 0.005 0.012
161 275 73 0.012 0.013
161 288 27 0.052 0.024
162 164 41 0.048 0.025
162 177 71 0.04 0.03
162 182 69 0.024 0.045
162 189 84 0.06 0.053
162 190 75 0.035 0.064
162 215 7 0.051 0.02
162 255 71 0.014 0.015
162 267 60 0.001 0.066
162 276 39 0.065 0.063
162 284 63 0.068 0.047
162 294 93 0.032 0.011
163 177 9 0.021 0.053
163 179 67 0.081 0.002
163 186 70 0.081 0.099
163 204 14 0.01 0.043
163 216 52 0.055 0.02
163 223 38 0.003 0.076
163 224 36 0.05 0.013
163 233 63 0.017 0.024
163 239 3 0.017 0.058
163 240 35 0.052 0.031
163 267 43 0.058 0.094
163 269 25 0.015 0.058
163 274 57 0.061 0.028
163 280 34 0.004 0.029
164 167 60 0.016 0.063
164 168 79 0.047 0.067
164 181 85 0.04 0.017
164 199 31 0.058 0.009
164 202 94 0.014 0.011
164 223 64 0.053 0.063
164 237 58 0.086 0.076
164 247 97 0.054 0.043
164 252 7 0.015 0.051
164 289 100 0.013 0.007
164 290 62 0.026 0.055
164 296 18 0.041 0.053
165 176 42 0.044 0.019
165 213 33 0.009 0.115
165 222 51 0.017 0.041
165 234 90 0.041 0.028
165 237 51 0.016 0.008
165 245 94 0.02 0.07
165 247 27 0.064 0.012
165 249 10 0.004 0.001
165 256 15 0.056 0.052
165 275 20 0.02 0.018
165 277 59 0.02 0.039
165 290 9 0.017 0.034
165 298 16 0.078 0.004
166 173 47 0.01 0.037
166 176 36 0.018 0.019
166 178 93 0.007 0.018
166 190 39 0.057 0.055
166 191 90 0.044 0.126
166 195 95 0.032 0.027
166 203 81 0.024 0.014
166 233 30 0.057 0.021
166 237 50 0.025 0.09
166 244 38 0.006 0.029
166 253 85 0.018 0.056
166 258 46 0.031 0.022
166 264 18 0.035 0.005
166 285 36 0.039 0.019
166 289 38 0.019 0.027
166 296 81 0.046 0.029
167 186 17 0.033 0.027
167 217 42 0.12 0.012
167 230 56 0.007 0.024
167 235 86 0.042 0.031
167 243 19 0.007 0.026
167 244 47 0.103 0.001
167 261 43 0.076 0.013
167 267 57 0.076 0.004
167 280 15 0.019 0.003
168 173 26 0.046 0.041
168 179 29 0.043 0.047
168 182 79 0.073 0.057
168 190 74 0.029 0.056
168 218 82 0.031 0.001
168 224 93 0.044 0.046
168 228 23 0.051 0.038
168 232 53 0.022 0.018
168 236 73 0.018 0.049
168 243 28 0.007 0.047
168 251 26 0.004 0.02
168 266 1 0.037 0.122
168 285 12 0.033 0.005
168 291 43 0.003 0.027
168 294 74 0.029 0.072
169 172 86 0.022 0.039
169 174 47 0.047 0.064
169 186 71 0.069 0.039
169 187 37 0.037 0.067
169 188 66 0.008 0.076
169 194 53 0.04 0.036
169 212 38 0.037 0.082
169 252 41 0.032 0.076
169 269 47 0.033 0.003
169 280 10 0.103 0.006
170 181 67 0.052 0.03
170 201 54 0.056 0.054
170 207 37 0.044 0.007
170 217 98 0.091 0.023
170 219 100 0.065 0.04
170 252 97 0.047 0.002
170 283 69 0.036 0.075
170 290 16 0.066 0.018
171 174 72 0.06 0.035
171 191 7 0.008 0.051
171 204 23 0.013 0.148
171 207 30 0.018 0.006
171 211 85 0.052 0.071
171 227 30 0.032 0.042
171 247 37 0.01 0.042
171 259 95 0.105 0.016
171 269 84 0.061 0.034
171 272 8 0.002 0.036
171 282 60 0.052 0.033
171 296 97 0.062 0.01
172 179 15 0.008 0.016
172 180 20 0.003 0.058
172 182 51 0.005 0.007
172 200 17 0.005 0.011
172 206 79 0.052 0.105
172 223 17 0.008 0.003
172 229 25 0.004 0.024
172 234 48 0.016 0.02
172 244 7 0.01 0.002
172 259 91 0.018 0.021
172 262 37 0.039 0.084
172 263 5 0.011 0.048
172 265 25 0.005 0.031
172 270 24 0.004 0.01
172 272 13 0.077 0.013
172 293 52 0.071 0.033
173 201 83 0.02 0.034
173 223 58 0.029 0.016
173 237 11 0.031 0.014
173 248 12 0.093 0.011
173 265 64 0.035 0.073
173 270 91 0.037 0.062
173 272 54 0.03 0.01
173 293 94 0.032 0.143
173 296 3 0.037 0.025
174 199 4 0.046 0.04
174 208 50 0.033 0.019
174 212 17 0.016 0.051
174 226 92 0.011 0.026
174 258 65 0.005 0.037
174 259 64 0.002 0.042
174 295 17 0.034 0.039
174 299 49 0.068 0.004
175 180 82 0.002 0.017
175 184 30 0.005 0.026
175 194 69 0.008 0.011
175 209 30 0.033 0.049
175 227 75 0.062 0.025
175 245 8 0.041 0.009
175 249 18 0.02 0.003
175 260 62 0.007 0.029
175 282 22 0.016 0.061
175 287 14 0.029 0.024
175 293 57 0.021 0.006
176 189 98 0.009 0.102
176 191 49 0.029 0.052
176 193 22 0.056 0.112
176 214 59 0.015 0.04
176 225 39 0.039 0.054
176 236 78 0.064 0.031
176 240 26 0.031 0.017
176 260 22 0.024 0.109
176 265 55 0.04 0.021
176 289 62 0.024 0.039
177 185 92 0.001 0.093
177 191 22 0.038 0.001
177 197 91 0.011 0.036
177 202 15 0.014 0.092
177 256 45 0.106 0.053
177 257 78 0.087 0.065
177 262 57 0.049 0.028
177 290 53 0.093 0.107
178 180 55 0.096 0.052
178 183 82 0.068 0.032
178 188 94 0.02 0.024
178 192 99 0.047 0.001
178 195 26 0.01 0.036
178 207 92 0.069 0.065
178 234 19 0.021 0.03
178 243 99 0.025 0.009
178 256 96 0.037 0.005
178 259 86 0.035 0.043
178 262 34 0.016 0.029
178 274 84 0.019 0.066
178 281 18 0.014 0.07
178 292 39 0.007 0.031
179 183 88 0.022 0.018
179 187 8 0.03 0.044
179 189 32 0.004 0.021
179 223 85 0.023 0.041
179 225 97 0.017 0.007
179 229 51 0.078 0.035
179 239 52 0.038 0.038
179 251 62 0.025 0.026
179 256 80 0.022 0.032
179 282 6 0.045 0.056
180 183 45 0.019 0.003
180 191 89 0.04 0.037
180 195 87 0.042 0.062
180 201 84 0.018 0.017
180 222 14 0.016 0.01
180 226 6 0.043 0.056
180 227 48 0.06 0.022
180 233 16 0.012 0.013
180 235 88 0.045 0.123
180 263 15 0.051 0.131
180 276 88 0.005 0.04
181 204 77 0.054 0.02
181 219 15 0.016 0.041
181 226 74 0.045 0.029
181 231 74 0.029 0.057
181 262 86 0.047 0.02
181 264 18 0.079 0.024
181 276 34 0.01 0.035
181 289 73 0.047 0.052
182 195 77 0.018 0.043
182 204 75 0.075 0.025
182 212 39 0.01 0.053
182 221 78 0.015 0.033
182 223 47 0.01 0.026
182 245 17 0.036 0.028
182 262 3 0.019 0.025
182 267 41 0.012 0.034
182 269 1 0.055 0.001
182 273 96 0.05 0.034
183 244 92 0.013 0.025
183 252 20 0.015 0.013
183 268 94 0.064 0.018
184 187 14 0.023 0.024
184 193 17 0.061 0.049
184 194 26 0.001 0.003
184 200 57 0.046 0.028
184 205 21 0.004 0.009
184 206 100 0.004 0.016
184 207 57 0.014 0.016
184 211 96 0.042 0.04
184 215 28 0.033 0.06
184 217 81 0.032 0.008
184 220 4 0.09 0.074
184 221 23 0.059 0.003
184 222 43 0.073 0.003
184 246 91 0.02 0.027
184 247 29 0.021 0.02
184 251 12 0.011 0.045
184 265 46 0.055 0.034
184 277 25 0.054 0.005
184 281 77 0.011 0.018
184 287 57 0.011 0.023
184 288 96 0.05 0.012
184 297 71 0.019 0.035
185 195 46 0.047 0.012
185 204 89 0.039 0.03
185 206 90 0.064 0.046
185 220 6 0.034 0.011
185 231 92 0.078 0.018
185 239 52 0.035 0.089
185 243 49 0.068 0.04
185 260 33 0.021 0.049
185 266 48 0.009 0.005
185 277 44 0.001 0.023
185 283 31 0.014 0.016
185 284 93 0.008 0.007
186 203 37 0.025 0.008
186 211 60 0.031 0.038
186 212 66 0.026 0.06
186 224 95 0.087 0.05
186 227 62 0.028 0.034
186 243 44 0.055 0.015
186 277 14 0.075 0.036
186 289 18 0.012 0.095
186 294 75 0.038 0.047
187 197 45 0.06 0.039
187 208 20 0.062 0.004
187 244 71 0.027 0.025
187 270 98 0.021 0.009
188 200 52 0.019 0.08
188 213 86 0.013 0.041
188 215 86 0.051 0.025
188 221 88 0.039 0.01
188 232 18 0.052 0.012
188 239 82 0.107 0.064
188 240 49 0.018 0.02
188 242 95 0.023 0.012
188 257 84 0.085 0.01
188 275 40 0.006 0.022
188 278 56 0.02 0.01
188 297 49 0.031 0.04
189 199 74 0.061 0.037
189 217 29 0.021 0.051
189 219 56 0.115 0.011
189 252 26 0.026 0.02
189 256 38 0.015 0.018
189 267 74 0.086 0.004
190 215 83 0.059 0.091
190 217 97 0.024 0.023
190 223 73 0.032 0.011
190 232 41 0.006 0.083
190 246 17 0.079 0.041
190 251 55 0.054 0.022
190 256 36 0.025 0.034
191 198 41 0.003 0.005
191 199 15 0.041 0.016
191 201 90 0.024 0.091
191 206 85 0.023 0.015
191 226 70 0.051 0.007
191 232 68 0.007 0.048
191 233 83 0.008 0.057
191 235 80 0.002 0.125
191 238 96 0.015 0.025
191 244 89 0.014 0.019
191 274 31 0.056 0.022
191 283 8 0.02 0.062
192 199 4 0.083 0.011
192 203 70 0.015 0.019
192 231 68 0.049 0.02
192 233 69 0.075 0.071
192 243 1 0.002 0.033
192 251 3 0.021 0.005
192 256 13 0.022 0.016
192 263 48 0.02 0.008
192 269 23 0.049 0.048
192 278 51 0.027 0.022
192 285 58 0.022 0.047
192 289 54 0.075 0.021
192 291 7 0.005 0.072
193 200 4 0.009 0.026
193 217 41 0.088 0.002
193 229 36 0.002 0.076
193 230 87 0.087 0.032
193 253 54 0.191 0.044
193 275 60 0.146 0.017
194 198 25 0.02 0.024
194 212 37 0.031 0.063
194 231 22 0.051 0.07
194 238 27 0.016 0.118
194 247 32 0.017 0.061
194 271 50 0.008 0.032
194 273 59 0.005 0.047
194 276 63 0.005 0.026
194 283 50 0.001 0.015
194 289 72 0.061 0.016
194 295 65 0.052 0.003
195 200 55 0.015 0.007
195 202 10 0.039 0.083
195 210 77 0.024 0.019
195 211 99 0.067 0.049
195 213 89 0.007 0.062
195 223 24 0.013 0.018
195 235 80 0.005 0.039
195 245 98 0.088 0.035
195 260 36 0.097 0.018
195 268 49 0.012 0.007
195 274 84 0.04 0.043
195 281 23 0.046 0.063
195 297 11 0.067 0.027
196 199 37 0.003 0.035
196 226 18 0.023 0.029
196 251 53 0.019 0.015
196 273 37 0.001 0.024
196 274 68 0.021 0.031
196 283 62 0.031 0.019
196 286 48 0.049 0.073
196 288 11 0.056 0.062
196 290 94 0.067 0.057
196 298 50 0.065 0.131
196 299 50 0.084 0.059
197 214 13 0.041 0.023
197 219 92 0.054 0.024
197 232 82 0.024 0.014
197 245 4 0.048 0.016
197 248 65 0.059 0.047
197 253 10 0.001 0.076
197 259 57 0.035 0.049
197 269 78 0.033 0.011
197 278 12 0.005 0.017
197 279 93 0.012 0.031
197 283 33 0.039 0.027
197 295 63 0.059 0.031
197 297 17 0.036 0.131
198 211 36 0.047 0.066
198 214 49 0.016 0.032
198 218 22 0.048 0.024
198 219 8 0.039 0.013
198 226 37 0.005 0.026
198 229 88 0.04 0.034
198 234 4 0.058 0.023
198 245 35 0.066 0.024
198 247 73 0.012 0.004
198 250 50 0.022 0.047
198 258 82 0.036 0.003
198 278 17 0.012 0.058
198 288 39 0.05 0.055
199 217 1 0.035 0.007
199 218 80 0.004 0.001
199 220 12 0.052 0.069
199 227 70 0.007 0.06
199 233 100 0.004 0.045
199 251 76 0.029 0.056
199 262 52 0.021 0.023
199 271 78 0.06 0.005
199 289 32 0.02 0.031
200 203 44 0.037 0.052
200 206 91 0.046 0.004
200 211 1 0.047 0.007
200 214 71 0.045 0.032
200 220 38 0.005 0.016
200 223 60 0.068 0.027
200 232 95 0.014 0.024
200 253 2 0.028 0.045
200 254 30 0.015 0.016
200 265 29 0.033 0.038
200 276 18 0.047 0.035
201 205 55 0.077 0.043
201 226 50 0.015 0.07
201 228 50 0.026 0.035
201 242 3 0.007 0.014
201 285 19 0.028 0.025
201 291 47 0.01 0.01
201 295 40 0.022 0.037
202 203 25 0.013 0.01
202 210 69 0.01 0.048
202 225 92 0.109 0.002
202 228 82 0.027 0.052
202 240 7 0.082 0.012
202 264 53 0.006 0.001
202 265 70 0.028 0.046
202 270 60 0.044 0.058
202 288 23 0.01 0.035
203 209 88 0.006 0.039
203 217 2 0.022 0.037
203 232 65 0.013 0.019
203 237 71 0.015 0.058
203 242 5 0.001 0.031
203 244 67 0.024 0.053
203 259 52 0.025 0.006
203 261 38 0.037 0.016
203 281 47 0.018 0.006
203 282 50 0.028 0.047
203 285 58 0.028 0.025
203 293 50 0.018 0.037
204 218 31 0.031 0.02
204 234 63 0.066 0.045
204 241 34 0.042 0.045
204 246 35 0.058 0.026
204 256 51 0.066 0.022
204 261 36 0.054 0.029
204 265 80 0.029 0.027
204 277 39 0.001 0.117
204 285 41 0.008 0.059
205 208 91 0.016 0.014
205 216 12 0.033 0.001
205 220 87 0.033 0.028
205 227 87 0.017 0.066
205 229 16 0.05 0.037
205 234 29 0.059 0.045
205 237 20 0.036 0.089
205 246 95 0.002 0.041
205 259 70 0.02 0.047
205 269 60 0.056 0.048
205 292 24 0.014 0.064
205 293 2 0.017 0.032
205 299 70 0.022 0.034
206 207 91 0.045 0.003
206 210 72 0.063 0.032
206 213 78 0.054 0.024
206 241 52 0.097 0.044
206 242 20 0.011 0.016
206 245 97 0.048 0.037
206 258 60 0.122 0.033
206 266 46 0.024 0.043
206 268 40 0.001 0.069
206 275 33 0.033 0.02
206 290 71 0.054 0.02
207 236 74 0.013 0.006
207 240 58 0.014 0.006
207 243 66 0.032 0.043
207 264 94 0.029 0.033
207 273 70 0.002 0.041
207 283 23 0.076 0.023
207 285 47 0.059 0.061
208 209 49 0.006 0.02
208 212 34 0.039 0.074
208 216 18 0.037 0.037
208 218 56 0.023 0.022
208 230 95 0.049 0.042
208 232 99 0.051 0.076
208 236 87 0.002 0.032
208 254 94 0.039 0.061
208 257 40 0.043 0.033
208 272 36 0.023 0.047
208 286 76 0.016 0.017
209 210 91 0.051 0.018
209 214 72 0.001 0.053
209 230 40 0.045 0.057
209 250 56 0.008 0.092
209 251 56 0.007 0.003
209 255 94 0.025 0.064
209 268 33 0.003 0.039
209 287 98 0.048 0.006
209 289 73 0.042 0.001
210 246 16 0.034 0.025
210 270 62 0.014 0.016
210 279 76 0.031 0.047
210 291 68 0.077 0.036
210 296 86 0.093 0.086
211 220 32 0.066 0.047
211 225 10 0.025 0.094
211 234 76 0.036 0.018
211 236 55 0.04 0.033
211 248 80 0.03 0.003
211 258 19 0.033 0.019
211 275 29 0.008 0.027
211 292 26 0.042 0.009
212 266 45 0.026 0.017
212 272 72 0.003 0.008
212 282 57 0.04 0.027
212 298 24 0.014 0.046
213 227 90 0.027 0.005
213 232 9 0.046 0.042
213 240 21 0.043 0.059
213 246 100 0.055 0.021
213 247 94 0.011 0.015
213 262 15 0.03 0.075
213 273 16 0.037 0.077
213 280 71 0.035 0.011
213 295 1 0.015 0.017
214 216 9 0.044 0.02
214 217 78 0.022 0.055
214 244 21 0.026 0.058
214 245 36 0.023 0.062
214 250 91 0.025 0.042
214 254 3 0.029 0.023
214 257 88 0.004 0.026
214 263 52 0.038 0.04
214 272 10 0.007 0.059
214 276 23 0.053 0.039
214 277 19 0.01 0.064
214 289 86 0.026 0.054
215 218 94 0.024 0.047
215 222 70 0.01 0.024
215 242 45 0.036 0.037
215 245 76 0.001 0.02
215 252 64 0.013 0.023
215 264 4 0.023 0.106
215 277 24 0.144 0.022
215 296 6 0.077 0.042
216 217 61 0.034 0.021
216 218 55 0.006 0.044
216 236 89 0.025 0.023
216 259 98 0.043 0.012
216 260 2 0.039 0.054
216 271 90 0.039 0.03
216 272 47 0.015 0.032
216 277 16 0.009 0.013
216 279 93 0.018 0.028
216 283 82 0.034 0.024
216 285 38 0.015 0.017
216 291 85 0.002 0.055
216 294 6 0.026 0.053
217 228 3 0.013 0.028
217 236 26 0.014 0.023
217 246 72 0.036 0.091
217 253 60 0.016 0.049
217 259 50 0.015 0.002
217 262 42 0.064 0.013
217 264 68 0.021 0.055
217 269 58 0.046 0.021
217 271 65 0.016 0.004
217 273 53 0.084 0.013
217 280 8 0.007 0.055
217 297 38 0.006 0.067
218 219 79 0.006 0.028
218 221 90 0.037 0.111
218 222 65 0.032 0.041
218 242 80 0.02 0.027
218 251 20 0.024 0.032
218 256 10 0.051 0.006
218 257 46 0.032 0.051
218 269 85 0.038 0.005
218 276 30 0.027 0.01
219 221 93 0.011 0.043
219 229 46 0.012 0.016
219 250 52 0.001 0.008
219 254 3 0.009 0.05
219 256 32 0.038 0.044
219 265 23 0.071 0.049
219 278 11 0.036 0.016
219 281 94 0.008 0.014
219 285 97 0.011 0.041
219 292 22 0.032 0.053
219 294 13 0.079 0.042
219 297 49 0.054 0.011
219 298 69 0.019 0.076
220 249 49 0.03 0.034
220 266 15 0.026 0.084
220 270 95 0.043 0.01
220 271 77 0.025 0.004
220 282 80 0.007 0.008
220 285 68 0.035 0.035
221 223 45 0.037 0.001
221 233 52 0.021 0.048
221 235 80 0.033 0.017
221 251 29 0.056 0.034
221 262 54 0.012 0.022
221 287 46 0.008 0.006
221 293 36 0.015 0.044
221 297 80 0.044 0.012
222 230 32 0.002 0.036
222 239 71 0.044 0.112
222 255 42 0.007 0.003
222 270 30 0.086 0.012
222 283 60 0.008 0.031
223 227 44 0.033 0.048
223 242 93 0.001 0.005
223 243 5 0.01 0.075
223 256 3 0.016 0.008
223 269 19 0.047 0.033
223 270 62 0.012 0.065
223 277 67 0.032 0.094
223 288 97 0.027 0.019
223 294 9 0.022 0.03
224 225 63 0.051 0.092
224 242 55 0.052 0.013
224 243 5 0.03 0.02
224 246 45 0.046 0.011
224 251 58 0.001 0.011
224 256 92 0.025 0.028
224 271 27 0.084 0.017
224 273 51 0.044 0.061
224 277 70 0.055 0.067
224 282 30 0.046 0.024
224 287 87 0.076 0.056
224 296 16 0.068 0.02
225 257 61 0.018 0.098
225 259 72 0.015 0.006
225 263 66 0.066 0.048
225 279 2 0.036 0.047
225 282 21 0.051 0.005
226 252 61 0.014 0.024
226 261 58 0.022 0.03
226 298 59 0.028 0.047
227 237 32 0.045 0.081
227 242 15 0.083 0.008
227 252 73 0.011 0.087
227 266 81 0.093 0.011
227 286 7 0.042 0.013
227 295 80 0.044 0.009
228 240 52 0.009 0.018
228 247 11 0.105 0.02
228 255 72 0.004 0.04
228 266 85 0.009 0.001
228 275 55 0.086 0.049
229 236 29 0.006 0.07
229 240 65 0.01 0.049
229 251 61 0.03 0.089
229 254 9 0.005 0.034
229 256 18 0.027 0.093
229 260 26 0.026 0.055
229 265 80 0.047 0.034
229 268 43 0.036 0.024
229 273 51 0.037 0.03
229 283 90 0.025 0.089
229 288 19 0.026 0.033
229 293 49 0.014 0.055
230 234 80 0.012 0.035
230 240 43 0.032 0.019
230 241 40 0.003 0.018
230 251 67 0.029 0.04
230 258 62 0.02 0.045
230 260 34 0.051 0.016
230 268 43 0.005 0.005
230 271 35 0.009 0.054
230 272 44 0.024 0.006
230 282 85 0.038 0.017
230 284 33 0.012 0.01
230 291 99 0.018 0.078
230 299 20 0.051 0.036
231 238 37 0.008 0.019
231 240 32 0.044 0.059
231 243 91 0.049 0.009
231 282 12 0.085 0.012
231 286 59 0.031 0.052
232 236 14 0.009 0.005
232 272 41 0.035 0.067
232 277 70 0.026 0.011
232 288 57 0.015 0.069
232 290 22 0.006 0.05
233 238 49 0.042 0.053
233 239 46 0.011 0.021
233 252 18 0.011 0.041
233 280 61 0.017 0.043
233 291 2 0.032 0.003
233 292 7 0.041 0.007
234 240 58 0.04 0.015
234 243 44 0.026 0.01
234 250 86 0.054 0.046
234 259 80 0.012 0.044
234 260 78 0.039 0.006
234 262 56 0.009 0.065
234 291 70 0.019 0.07
234 296 92 0.051 0.044
235 242 55 0.085 0.06
235 259 54 0.036 0.008
235 298 78 0.023 0.04
235 299 13 0.059 0.006
236 241 75 0.013 0.117
236 251 56 0.056 0.023
236 253 67 0.054 0.022
236 283 87 0.048 0.026
236 286 6 0.031 0.047
236 289 78 0.037 0.012
237 250 93 0.008 0.067
237 254 40 0.09 0.022
237 257 49 0.009 0.067
237 258 42 0.084 0.015
237 267 34 0.001 0.011
237 275 65 0.023 0.028
237 277 51 0.049 0.02
237 278 20 0.015 0.019
238 242 7 0.057 0.025
238 251 58 0.046 0.011
238 256 92 0.019 0.015
238 265 78 0.045 0.003
238 267 29 0.081 0.014
238 273 70 0.03 0.018
239 255 60 0.007 0.034
239 259 59 0.028 0.07
239 260 34 0.044 0.052
239 276 7 0.027 0.052
239 277 9 0.049 0.017
239 286 50 0.038 0.096
240 254 17 0.035 0.022
240 255 69 0.005 0.012
240 261 50 0.002 0.014
240 276 90 0.042 0.072
240 285 32 0.058 0.027
240 299 76 0.016 0.006
241 253 9 0.016 0.038
241 261 40 0.078 0.028
241 279 93 0.008 0.042
241 287 100 0.03 0.03
241 292 83 0.017 0.035
242 248 83 0.004 0.015
242 250 8 0.031 0.034
242 256 5 0.03 0.001
242 271 54 0.043 0.042
242 273 16 0.024 0.014
242 277 90 0.062 0.024
242 285 64 0.013 0.053
242 299 49 0.007 0.002
243 255 83 0.047 0.009
243 259 49 0.007 0.015
243 262 96 0.045 0.069
243 275 92 0.014 0.021
243 284 75 0.034 0.005
243 288 41 0.026 0.052
243 295 99 0.022 0.04
243 297 55 0.023 0.052
244 248 1 0.042 0.07
244 261 52 0.045 0.032
244 262 51 0.039 0.02
244 273 59 0.001 0.007
244 292 33 0.077 0.04
244 295 71 0.022 0.012
245 253 92 0.039 0.032
245 267 99 0.013 0.005
245 273 88 0.002 0.018
245 290 22 0.017 0.023
245 294 73 0.022 0.033
246 253 41 0.023 0.013
246 259 3 0.002 0.019
246 261 85 0.001 0.034
246 262 82 0.024 0.009
246 293 91 0.043 0.055
247 251 19 0.027 0.01
247 255 14 0.047 0.03
247 266 16 0.034 0.049
247 268 42 0.033 0.061
247 288 61 0.013 0.016
247 295 95 0.008 0.061
248 254 44 0.018 0.059
248 265 14 0.069 0.008
248 267 95 0.13 0.006
248 272 84 0.025 0.053
249 252 96 0.018 0.001
249 259 40 0.012 0.031
249 264 82 0.034 0.043
249 266 8 0.014 0.009
249 267 28 0.025 0.009
249 274 74 0.055 0.01
249 287 15 0.019 0.005
249 288 19 0.095 0.04
250 254 53 0.047 0.041
250 264 71 0.058 0.091
250 271 5 0.023 0.056
250 272 81 0.079 0.02
250 276 65 0.046 0.038
250 299 21 0.114 0.029
251 252 76 0.021 0.028
251 255 56 0.033 0.002
251 260 73 0.02 0.03
251 261 73 0.016 0.062
251 281 76 0.005 0.039
251 287 45 0.018 0.034
251 298 88 0.026 0.048
252 259 11 0.022 0.017
252 260 57 0.08 0.014
252 262 55 0.031 0.02
253 255 31 0.006 0.052
253 257 26 0.029 0.035
253 263 86 0.027 0.017
253 267 81 0.001 0.005
253 276 61 0.02 0.056
253 279 18 0.007 0.024
253 280 41 0.004 0.078
254 280 35 0.055 0.087
254 286 49 0.004 0.015
255 282 84 0.033 0.024
255 283 13 0.063 0.049
255 286 72 0.006 0.04
255 292 28 0.026 0.014
256 261 54 0.013 0.019
256 262 74 0.001 0.036
256 273 5 0.034 0.048
256 274 58 0.004 0.078
256 287 6 0.012 0.043
256 297 72 0.038 0.008
257 285 60 0.012 0.011
257 286 8 0.008 0.001
258 263 77 0.019 0.002
258 267 75 0.023 0.083
258 279 86 0.022 0.002
258 280 27 0.021 0.029
258 285 94 0.041 0.001
258 298 89 0.063 0.086
258 299 16 0.035 0.039
259 261 43 0.03 0.001
259 285 48 0.003 0.04
259 294 26 0.063 0.007
260 278 9 0.032 0.012
260 279 4 0.007 0.074
260 281 36 0.032 0.059
261 281 59 0.029 0.034
261 288 37 0.009 0.028
262 263 44 0.039 0.091
262 266 76 0.03 0.026
262 271 33 0.004 0.014
263 284 61 0.016 0.011
264 275 14 0.065 0.013
264 284 54 0.033 0.063
265 267 51 0.039 0.028
265 281 44 0.065 0.052
266 269 17 0.028 0.037
266 272 73 0.064 0.042
266 274 48 0.045 0.018
266 277 46 0.002 0.049
267 270 91 0.044 0.01
267 272 17 0.005 0.063
267 276 18 0.029 0.003
267 278 75 0.01 0.077
267 285 38 0.094 0.005
267 292 66 0.103 0.019
267 294 99 0.009 0.085
268 287 91 0.023 0.016
268 290 9 0.131 0.033
268 297 86 0.014 0.026
269 270 89 0.02 0.005
269 281 67 0.026 0.027
269 291 62 0.031 0.055
269 295 15 0.077 0.003
270 283 5 0.022 0.035
270 295 22 0.075 0.075
271 274 45 0.011 0.026
271 289 41 0.033 0.057
272 284 70 0.018 0.134
272 296 97 0.019 0.001
272 299 95 0.025 0.041
273 275 73 0.008 0.027
273 284 20 0.006 0.023
273 293 77 0.008 0.035
273 299 61 0.01 0.045
274 277 73 0.039 0.028
275 283 61 0.008 0.047
275 290 68 0.039 0.067
275 294 46 0.018 0.001
276 287 35 0.003 0.028
276 289 25 0.098 0.019
278 282 46 0.02 0.032
278 284 48 0.032 0.113
278 292 82 0.058 0.11
280 289 73 0.052 0.004
280 291 11 0.039 0.055
281 296 63 0.036 0.022
281 297 58 0.015 0.034
283 285 65 0.032 0.024
283 290 24 0.007 0.036
283 294 33 0.004 0.02
283 299 4 0.006 0.072
284 288 48 0.039 0.088
284 293 40 0.022 0.034
285 287 30 0.061 0.092
285 290 62 0.036 0.036
286 293 81 0.091 0.037
287 297 27 0.023 0.041
288 293 48 0.018 0.051
289 294 67 0.011 0.033
291 298 69 0.02 0.077
293 299 78 0.008 0.036
296 299 29 0.019 0.05
298 299 10 0.029 0.018
