300 2011 0 279 264
0 1 47 0 0.026
0 4 15 0 0.107
0 5 82 0 0.03
0 6 9 0 0.045
0 7 87 0 0.029
0 11 1 0 0.037
0 25 31 0 0.042
0 40 90 0 0.005
0 44 81 0 0.059
0 54 43 0 0.165
0 55 75 0 0.16
0 62 50 0 0.07
0 85 83 0 0.067
0 88 14 0 0.011
0 100 28 0 0.018
0 126 71 0 0.115
0 152 46 0 0.13
0 159 76 0 0.091
0 211 86 0 0.03
0 218 60 0 0.033
0 225 7 0 0.211
0 264 28 0 0.084
0 274 56 0 0.033
0 290 31 0 0.014
1 2 47 0.109 0.104
1 3 7 0.057 0.006
1 7 18 0.009 0.018
1 8 64 0.009 0.086
1 26 68 0.04 0.007
1 29 10 0.028 0.012
1 30 55 0.051 0.117
1 57 76 0.074 0.087
1 74 32 0.017 0.213
1 75 8 0.059 0.033
1 78 54 0.044 0.201
1 92 86 0.039 0.007
1 98 42 0.033 0.089
1 126 46 0.035 0.082
1 146 88 0.11 0.024
1 209 98 0.178 0.178
1 210 70 0.007 0.061
1 224 96 0.005 0.111
1 245 67 0.034 0.059
1 255 50 0.036 0.142
2 10 27 0.032 0.047
2 14 12 0.065 0.051
2 16 78 0.064 0.167
2 17 63 0.065 0.056
2 24 47 0.061 0.04
2 75 40 0.027 0.065
2 91 5 0.049 0.225
2 97 91 0.018 0.152
2 104 35 0.028 0.023
2 134 84 0.002 0.007
2 136 91 0.035 0.192
2 148 34 0.042 0.231
2 152 61 0.087 0.072
2 161 46 0.068 0.04
2 164 36 0.042 0.166
2 188 54 0.028 0.003
2 223 3 0.005 0.117
2 243 39 0.06 0.152
2 268 87 0.054 0.135
2 298 68 0.064 0.108
3 11 100 0.049 0.037
3 22 40 0.039 0.044
3 31 17 0.033 0.054
3 57 23 0.032 0.038
3 58 35 0.029 0.034
3 67 93 0.062 0.174
3 71 74 0.041 0.109
3 73 96 0.053 0.068
3 75 92 0.107 0.154
3 136 64 0.022 0.079
3 156 22 0.033 0.226
3 157 68 0.002 0.086
3 159 63 0.04 0.119
3 194 83 0.04 0.074
3 213 11 0.082 0.07
3 233 62 0.137 0.037
3 238 12 0.008 0.095
3 241 13 0.057 0.107
3 251 73 0.051 0.109
3 261 60 0.014 0.2
3 274 15 0.013 0.262
3 298 93 0.05 0.078
4 23 81 0.028 0.019
4 29 45 0.086 0.106
4 46 69 0.001 0.048
4 47 34 0.111 0.194
4 74 42 0.007 0.131
4 80 30 0.054 0.003
4 85 3 0.158 0.088
4 92 58 0.056 0.018
4 112 13 0.029 0.237
4 135 9 0.037 0.022
4 152 39 0.008 0.169
4 168 1 0.108 0.055
4 204 42 0.096 0.143
4 240 16 0.027 0.212
4 299 86 0.087 0.083
5 9 66 0.05 0.122
5 14 86 0.024 0.065
5 18 71 0.013 0.101
5 31 20 0.107 0.094
5 48 34 0.054 0.268
5 68 53 0.022 0.148
5 71 66 0.088 0.052
5 85 79 0.061 0.104
5 115 94 0.032 0.092
5 164 95 0.036 0.019
5 167 33 0.055 0.087
5 170 86 0.12 0.116
5 177 3 0.106 0.009
5 196 26 0.035 0.162
5 217 93 0.04 0.007
5 218 11 0.058 0.057
5 250 76 0.044 0.206
5 269 78 0.025 0.004
6 11 95 0.083 0.059
6 12 90 0.013 0.021
6 41 17 0.109 0.151
6 43 12 0.034 0.316
6 46 40 0.138 0.041
6 74 26 0.045 0.027
6 99 96 0.074 0.041
6 209 19 0.029 0.026
6 213 56 0.056 0.107
6 237 26 0.071 0.05
6 254 5 0.031 0.037
6 275 58 0.076 0.197
6 278 91 0.072 0.156
6 285 84 0.101 0.03
6 295 52 0.023 0.028
7 8 53 0.087 0.034
7 11 65 0.025 0.061
7 16 70 0.048 0.01
7 23 2 0.05 0.064
7 39 26 0.069 0.003
7 80 62 0.023 0.018
7 82 49 0.029 0.269
7 87 90 0.006 0.036
7 89 96 0.015 0.098
7 95 69 0.036 0.164
7 117 44 0.013 0.162
7 126 42 0.045 0.112
7 133 27 0.011 0.15
7 144 70 0.034 0.151
7 162 49 0.026 0.02
7 163 22 0.052 0.061
7 227 51 0.055 0.082
7 228 62 0.095 0.197
7 252 27 0.038 0.069
7 253 14 0.072 0.092
7 270 77 0.011 0.043
7 277 12 0.04 0.081
7 279 3 0.073 0.146
8 13 33 0.13 0.086
8 15 100 0.064 0.271
8 28 82 0.083 0.012
8 44 67 0.133 0.102
8 49 29 0.055 0.016
8 78 1 0.119 0.07
8 94 88 0.039 0.027
8 146 17 0.135 0.064
8 147 47 0.073 0.054
8 246 73 0.013 0.112
8 284 32 0.036 0.103
9 31 7 0.061 0.043
9 35 72 0.069 0.124
9 92 75 0.116 0.05
9 135 92 0.047 0.1
9 153 12 0.082 0.105
9 190 72 0.06 0.04
9 228 50 0.026 0.007
9 257 71 0.054 0.114
9 274 69 0.026 0.073
9 279 64 0.087 0.012
9 280 27 0.107 0.126
9 287 72 0.048 0.101
9 296 92 0.095 0.058
10 11 45 0.031 0.121
10 45 48 0.008 0.096
10 53 84 0.15 0.116
10 73 37 0.007 0.063
10 76 49 0.009 0.006
10 81 20 0.027 0.102
10 90 71 0.087 0.094
10 101 81 0.11 0.072
10 110 50 0.033 0.095
10 118 63 0.01 0.254
10 120 37 0.006 0.142
10 140 20 0.057 0.071
10 142 13 0.054 0.096
10 156 99 0.082 0.144
10 164 92 0.037 0.109
10 183 5 0.04 0.066
10 184 53 0.037 0.047
10 224 91 0.006 0.054
10 240 95 0.066 0.036
10 246 51 0.034 0.14
10 278 47 0.062 0.003
11 22 3 0.011 0.136
11 56 10 0.047 0.005
11 78 38 0.081 0.055
11 83 82 0.04 0.123
11 102 1 0.148 0.035
11 121 89 0.102 0.047
11 170 34 0.094 0.119
11 195 21 0.039 0.188
11 236 10 0.068 0.203
11 258 15 0.001 0.139
11 263 57 0.054 0.015
12 42 82 0.321 0.066
12 139 73 0.233 0.018
12 200 22 0.214 0.044
12 290 1 0.211 0.101
13 21 65 0.007 0.06
13 22 20 0.109 0.067
13 26 23 0.063 0.019
13 30 67 0.109 0.052
13 39 8 0.092 0.074
13 71 79 0.029 0.027
13 90 9 0.061 0.12
13 95 74 0.04 0.115
13 105 30 0.109 0.06
13 112 17 0.049 0.01
13 170 98 0.047 0.037
13 185 66 0.026 0.143
13 205 20 0.031 0.005
13 259 11 0.096 0.162
13 266 56 0.018 0.032
13 286 78 0.028 0.09
14 16 45 0.066 0.219
14 19 64 0.04 0.221
14 20 77 0.165 0.213
14 32 46 0.017 0.009
14 38 78 0.023 0.106
14 60 41 0.018 0.063
14 69 53 0.004 0.001
14 80 32 0.063 0.084
14 101 1 0.139 0.058
14 105 59 0.036 0.055
14 109 91 0.109 0.045
14 114 54 0.013 0.033
14 163 4 0.07 0.009
14 202 35 0.051 0.041
14 264 45 0.012 0.142
14 285 6 0.058 0.155
15 32 22 0.093 0.088
15 36 2 0.01 0.107
15 51 31 0.013 0.068
15 54 52 0.009 0.003
15 72 5 0.058 0.069
15 73 59 0.11 0.046
15 109 6 0.015 0.027
15 142 61 0.065 0.011
15 177 79 0.011 0.053
15 212 66 0.174 0.13
15 241 76 0.071 0.121
15 283 89 0.1 0.17
16 22 13 0.014 0.073
16 27 83 0.03 0.217
16 44 89 0.016 0.065
16 107 24 0.023 0.026
16 111 11 0.047 0.104
16 131 75 0.116 0.076
16 136 10 0.006 0.076
16 170 64 0.128 0.003
16 187 22 0.083 0.066
16 190 70 0.044 0.006
16 206 60 0.075 0.084
16 211 84 0.012 0.016
16 276 10 0.01 0.008
17 23 72 0.064 0.072
17 35 61 0.056 0.083
17 39 97 0.053 0.009
17 59 14 0.098 0.12
17 87 82 0.072 0.133
17 143 67 0.059 0.05
17 146 6 0.07 0.005
17 157 6 0.015 0.082
17 170 78 0.102 0.094
17 190 5 0.122 0.074
17 207 56 0.047 0.022
17 219 28 0.034 0.117
17 241 55 0.073 0.06
17 283 37 0.077 0.023
17 288 25 0.002 0.197
18 34 53 0.144 0.075
18 71 19 0.134 0.048
18 118 29 0.031 0.021
18 167 70 0.105 0.067
18 184 54 0.09 0.041
18 239 59 0.237 0.235
18 259 50 0.007 0.137
18 288 76 0.087 0.016
18 296 45 0.064 0.05
19 23 56 0.057 0.066
19 39 62 0.135 0.034
19 54 36 0.093 0.001
19 96 14 0.011 0.055
19 110 66 0.034 0.002
19 111 68 0.055 0.223
19 138 92 0.008 0.02
19 149 42 0.037 0.088
19 186 17 0.09 0.139
19 224 96 0.053 0.011
19 233 26 0.075 0.037
19 252 64 0.085 0.023
19 279 40 0.046 0.032
20 117 100 0.208 0.049
20 125 93 0.068 0.048
20 259 68 0.174 0.047
20 279 29 0.337 0.057
21 66 34 0.047 0.149
21 77 83 0.149 0.1
21 80 54 0.027 0.008
21 86 61 0.026 0.083
21 127 62 0.082 0.092
21 200 50 0.064 0.08
21 206 31 0.096 0.229
21 215 25 0.125 0.047
21 250 83 0.082 0.042
21 267 70 0.029 0.197
21 281 14 0.13 0.074
21 284 93 0.03 0.05
21 296 87 0.0 0.066
21 297 94 0.053 0.022
22 75 8 0.104 0.022
22 116 29 0.219 0.158
22 135 47 0.004 0.025
22 161 95 0.113 0.08
22 238 36 0.028 0.141
22 246 80 0.065 0.004
22 265 98 0.068 0.139
22 268 32 0.079 0.013
23 26 96 0.034 0.08
23 38 12 0.083 0.07
23 52 10 0.051 0.009
23 118 26 0.006 0.084
23 133 95 0.013 0.012
23 136 97 0.054 0.003
23 158 80 0.017 0.056
23 192 7 0.056 0.163
23 196 29 0.009 0.045
23 205 21 0.031 0.179
23 211 39 0.058 0.123
23 214 37 0.081 0.107
23 217 25 0.055 0.109
23 237 56 0.104 0.045
23 241 22 0.039 0.033
23 287 2 0.04 0.138
23 290 58 0.012 0.074
23 291 98 0.036 0.074
24 75 85 0.153 0.083
24 78 60 0.101 0.028
24 93 79 0.038 0.099
24 101 11 0.18 0.058
24 138 24 0.057 0.059
24 169 68 0.024 0.01
24 207 22 0.243 0.084
24 238 3 0.029 0.14
24 261 57 0.051 0.013
24 276 4 0.084 0.079
25 106 47 0.11 0.024
25 125 26 0.123 0.102
25 126 100 0.048 0.037
25 142 23 0.167 0.099
25 145 24 0.015 0.055
25 180 37 0.038 0.011
25 201 59 0.103 0.003
25 216 49 0.066 0.015
25 219 24 0.097 0.038
25 235 28 0.004 0.105
25 247 91 0.08 0.053
25 257 11 0.011 0.113
25 278 48 0.096 0.166
26 33 71 0.148 0.01
26 50 73 0.054 0.131
26 65 1 0.01 0.205
26 107 51 0.05 0.066
26 113 12 0.108 0.031
26 211 81 0.01 0.065
26 221 41 0.012 0.003
26 228 9 0.151 0.109
26 271 97 0.037 0.012
26 276 54 0.057 0.075
26 278 67 0.065 0.033
26 288 51 0.099 0.097
26 290 79 0.093 0.031
27 55 36 0.02 0.083
27 69 13 0.006 0.016
27 109 94 0.026 0.104
27 115 32 0.105 0.046
27 135 84 0.1 0.14
27 146 13 0.156 0.02
27 160 70 0.001 0.206
27 218 1 0.001 0.01
27 234 54 0.083 0.045
27 267 67 0.09 0.05
27 281 97 0.195 0.053
28 38 2 0.145 0.127
28 50 82 0.029 0.057
28 81 52 0.141 0.051
28 110 11 0.065 0.166
28 169 58 0.069 0.055
28 181 31 0.09 0.093
28 202 79 0.083 0.106
28 207 92 0.065 0.092
28 225 65 0.053 0.119
28 231 91 0.026 0.044
28 233 56 0.044 0.076
28 235 100 0.008 0.014
28 246 93 0.12 0.046
28 268 7 0.05 0.007
29 58 42 0.013 0.297
29 103 82 0.037 0.052
29 106 81 0.085 0.05
29 121 46 0.079 0.071
29 123 68 0.009 0.053
29 129 76 0.047 0.007
29 163 40 0.032 0.174
29 235 5 0.066 0.082
29 256 38 0.103 0.091
29 264 2 0.19 0.072
29 292 75 0.221 0.15
30 39 97 0.08 0.095
30 53 4 0.039 0.132
30 64 86 0.16 0.261
30 73 22 0.065 0.003
30 104 72 0.094 0.088
30 167 55 0.066 0.002
30 169 92 0.131 0.071
30 179 6 0.062 0.069
30 227 18 0.123 0.222
30 246 13 0.002 0.017
30 262 43 0.009 0.113
31 32 37 0.063 0.015
31 70 60 0.022 0.097
31 88 54 0.033 0.115
31 91 94 0.079 0.154
31 117 34 0.037 0.007
31 124 82 0.009 0.017
31 174 64 0.01 0.038
31 188 72 0.077 0.157
31 197 88 0.061 0.059
31 207 88 0.116 0.023
31 225 13 0.034 0.059
31 245 90 0.02 0.024
31 247 63 0.071 0.045
31 288 89 0.096 0.023
31 297 83 0.081 0.043
32 33 44 0.03 0.007
32 40 72 0.023 0.05
32 54 15 0.029 0.018
32 112 78 0.008 0.073
32 135 20 0.052 0.004
32 156 95 0.09 0.153
32 165 13 0.06 0.065
32 184 25 0.042 0.067
32 186 96 0.092 0.044
32 197 32 0.033 0.056
32 207 83 0.067 0.027
32 217 78 0.055 0.013
32 222 33 0.059 0.051
32 239 54 0.079 0.052
32 247 18 0.068 0.036
32 254 49 0.101 0.165
33 36 28 0.013 0.022
33 39 44 0.054 0.1
33 52 95 0.002 0.072
33 61 94 0.099 0.061
33 69 13 0.073 0.004
33 76 64 0.076 0.263
33 85 100 0.049 0.081
33 91 94 0.148 0.064
33 96 95 0.035 0.113
33 123 4 0.02 0.027
33 168 75 0.044 0.002
33 201 2 0.078 0.049
33 233 55 0.016 0.178
33 268 61 0.021 0.123
33 286 4 0.089 0.082
33 289 2 0.036 0.032
33 293 88 0.128 0.102
33 294 11 0.002 0.019
34 106 80 0.111 0.122
34 159 49 0.096 0.039
34 174 99 0.044 0.219
34 202 100 0.215 0.025
34 216 75 0.357 0.104
34 221 1 0.029 0.167
34 230 12 0.073 0.025
35 37 46 0.095 0.05
35 60 58 0.08 0.006
35 65 16 0.027 0.056
35 70 27 0.043 0.05
35 135 77 0.011 0.01
35 178 52 0.079 0.087
35 195 10 0.077 0.256
35 227 45 0.043 0.133
35 241 5 0.109 0.069
35 245 58 0.065 0.169
35 271 93 0.017 0.051
35 273 3 0.147 0.042
36 57 37 0.166 0.041
36 76 11 0.087 0.021
36 84 62 0.019 0.075
36 93 59 0.045 0.117
36 150 23 0.082 0.155
36 173 40 0.101 0.023
36 176 30 0.133 0.141
36 189 7 0.114 0.113
36 285 84 0.124 0.119
37 39 16 0.014 0.101
37 65 17 0.002 0.016
37 72 100 0.1 0.103
37 80 52 0.063 0.03
37 83 75 0.126 0.073
37 97 52 0.086 0.075
37 124 41 0.125 0.034
37 195 65 0.122 0.209
37 219 15 0.184 0.063
37 221 27 0.017 0.021
37 239 69 0.083 0.01
37 293 70 0.028 0.15
38 57 33 0.043 0.155
38 187 4 0.163 0.109
38 197 96 0.037 0.07
38 201 35 0.046 0.103
38 217 97 0.259 0.034
38 231 26 0.14 0.269
38 286 97 0.009 0.099
39 40 4 0.102 0.059
39 45 98 0.087 0.18
39 63 6 0.101 0.057
39 66 31 0.002 0.084
39 94 46 0.067 0.003
39 99 76 0.012 0.023
39 110 10 0.014 0.113
39 114 35 0.003 0.009
39 157 52 0.058 0.031
39 166 15 0.065 0.111
39 261 49 0.073 0.134
40 87 45 0.055 0.131
40 113 22 0.06 0.152
40 133 96 0.068 0.082
40 178 61 0.035 0.036
40 210 67 0.115 0.011
40 242 14 0.247 0.035
40 286 97 0.289 0.152
40 287 62 0.017 0.154
41 42 30 0.022 0.04
41 65 63 0.02 0.139
41 67 29 0.024 0.214
41 82 16 0.115 0.202
41 108 1 0.126 0.107
41 109 47 0.079 0.009
41 150 18 0.175 0.055
41 156 15 0.13 0.18
41 208 57 0.056 0.087
41 261 43 0.035 0.03
41 281 88 0.067 0.071
42 81 12 0.169 0.053
42 124 20 0.029 0.068
42 134 63 0.007 0.028
42 186 65 0.046 0.103
42 215 78 0.06 0.358
42 240 64 0.064 0.061
42 247 29 0.071 0.045
42 266 56 0.044 0.05
42 270 27 0.08 0.031
42 281 5 0.146 0.029
42 283 24 0.107 0.053
42 291 95 0.071 0.033
43 53 67 0.016 0.079
43 60 61 0.09 0.078
43 71 54 0.086 0.024
43 102 20 0.081 0.056
43 111 38 0.106 0.047
43 115 61 0.037 0.018
43 136 3 0.236 0.055
43 178 45 0.032 0.148
44 62 77 0.045 0.009
44 74 88 0.192 0.016
44 77 50 0.156 0.015
44 102 56 0.078 0.054
44 121 99 0.056 0.149
44 131 5 0.076 0.016
44 145 97 0.045 0.281
44 188 14 0.041 0.043
44 259 57 0.045 0.054
44 299 58 0.04 0.044
45 99 26 0.062 0.012
45 198 76 0.219 0.089
45 203 60 0.064 0.082
45 240 3 0.103 0.008
45 243 98 0.033 0.241
45 246 7 0.057 0.009
45 269 41 0.071 0.103
45 274 66 0.109 0.101
45 285 83 0.006 0.077
46 63 82 0.085 0.059
46 75 43 0.026 0.037
46 81 31 0.059 0.043
46 84 87 0.129 0.071
46 100 20 0.089 0.078
46 109 19 0.001 0.014
46 181 98 0.156 0.044
46 289 2 0.285 0.014
46 290 30 0.045 0.066
46 298 100 0.036 0.056
47 86 15 0.101 0.003
47 88 35 0.067 0.199
47 89 13 0.013 0.131
47 108 14 0.003 0.044
47 117 81 0.052 0.193
47 123 95 0.031 0.066
47 126 19 0.007 0.028
47 173 31 0.023 0.082
47 177 11 0.093 0.074
47 203 30 0.069 0.092
47 212 41 0.108 0.099
47 228 46 0.05 0.051
47 254 45 0.048 0.135
47 266 61 0.033 0.118
47 279 68 0.108 0.013
48 99 90 0.138 0.037
48 102 64 0.147 0.03
48 109 21 0.153 0.199
48 132 53 0.022 0.105
48 158 53 0.174 0.04
48 173 53 0.07 0.019
48 252 17 0.028 0.16
49 97 75 0.301 0.076
49 106 20 0.036 0.109
49 107 13 0.172 0.045
49 109 53 0.059 0.089
49 139 67 0.079 0.067
49 165 5 0.122 0.015
49 189 97 0.092 0.112
49 193 92 0.004 0.02
49 220 99 0.102 0.139
49 286 38 0.017 0.029
50 89 39 0.083 0.132
50 143 97 0.066 0.061
50 157 42 0.025 0.144
50 185 33 0.107 0.018
50 204 33 0.072 0.118
50 219 4 0.191 0.134
50 242 48 0.14 0.07
50 265 22 0.128 0.013
51 71 74 0.002 0.06
51 152 65 0.097 0.067
51 155 54 0.022 0.016
51 169 26 0.172 0.249
51 171 13 0.058 0.072
51 177 61 0.157 0.073
51 188 65 0.002 0.073
51 210 100 0.027 0.056
51 221 57 0.02 0.036
51 222 17 0.052 0.146
51 243 70 0.009 0.095
51 252 44 0.018 0.008
51 266 65 0.057 0.04
51 267 43 0.012 0.022
51 268 20 0.078 0.125
51 269 40 0.031 0.098
51 282 99 0.118 0.179
52 63 35 0.037 0.021
52 118 98 0.136 0.011
52 134 65 0.007 0.095
52 138 39 0.204 0.035
52 178 88 0.193 0.084
52 179 65 0.076 0.239
52 240 79 0.007 0.092
52 241 99 0.088 0.054
52 254 80 0.054 0.139
52 257 28 0.117 0.047
53 82 92 0.013 0.143
53 85 39 0.264 0.04
53 131 14 0.059 0.095
53 158 69 0.065 0.044
53 160 21 0.099 0.058
53 173 82 0.054 0.003
53 178 24 0.04 0.044
53 181 20 0.079 0.011
54 89 96 0.077 0.031
54 187 55 0.271 0.078
54 204 10 0.012 0.014
54 227 55 0.111 0.095
54 230 67 0.116 0.023
54 242 64 0.02 0.07
54 247 83 0.067 0.069
54 267 26 0.046 0.081
54 282 52 0.093 0.082
55 68 98 0.139 0.048
55 75 10 0.056 0.022
55 97 63 0.084 0.092
55 108 10 0.047 0.008
55 109 56 0.012 0.078
55 129 93 0.09 0.037
55 155 42 0.161 0.001
55 180 45 0.102 0.146
55 190 60 0.047 0.033
55 216 77 0.013 0.009
55 262 70 0.006 0.08
56 76 98 0.038 0.09
56 100 42 0.047 0.224
56 109 15 0.113 0.014
56 124 69 0.175 0.034
56 134 40 0.001 0.178
56 136 45 0.078 0.082
56 183 44 0.06 0.036
56 218 74 0.164 0.068
56 238 66 0.089 0.083
56 241 68 0.026 0.059
56 255 62 0.009 0.054
56 260 87 0.074 0.019
56 298 19 0.121 0.072
57 74 57 0.032 0.009
57 94 50 0.032 0.012
57 129 31 0.173 0.099
57 136 79 0.072 0.035
57 183 26 0.015 0.028
57 189 74 0.158 0.021
57 190 22 0.016 0.12
57 223 50 0.092 0.082
57 234 9 0.025 0.101
57 266 80 0.021 0.027
57 272 60 0.037 0.152
57 273 92 0.006 0.126
58 63 30 0.007 0.007
58 155 72 0.032 0.118
58 156 60 0.138 0.007
58 232 2 0.029 0.144
58 238 78 0.142 0.037
58 272 92 0.002 0.18
58 273 32 0.201 0.049
58 282 14 0.088 0.008
58 295 23 0.03 0.054
59 64 46 0.001 0.127
59 130 62 0.015 0.116
59 137 55 0.132 0.018
59 173 37 0.008 0.073
59 186 93 0.012 0.114
59 191 100 0.248 0.021
59 219 14 0.026 0.091
59 235 11 0.329 0.044
59 271 1 0.109 0.046
60 77 69 0.114 0.057
60 108 31 0.086 0.068
60 132 51 0.323 0.044
60 149 64 0.089 0.009
60 214 92 0.029 0.031
60 257 15 0.119 0.039
60 272 69 0.083 0.085
60 289 47 0.01 0.2
61 64 39 0.027 0.073
61 65 36 0.034 0.177
61 76 18 0.071 0.005
61 135 52 0.008 0.054
61 140 36 0.155 0.003
61 142 29 0.084 0.008
61 164 56 0.072 0.107
61 166 70 0.01 0.11
61 179 25 0.097 0.077
61 194 6 0.054 0.078
61 209 6 0.017 0.091
61 219 32 0.061 0.057
61 250 54 0.081 0.117
61 258 35 0.063 0.031
61 264 79 0.024 0.143
61 290 10 0.063 0.174
61 298 9 0.018 0.05
62 74 26 0.03 0.008
62 77 43 0.018 0.038
62 101 62 0.04 0.026
62 121 77 0.091 0.049
62 123 96 0.001 0.029
62 136 56 0.097 0.098
62 139 100 0.007 0.141
62 142 52 0.079 0.109
62 150 33 0.056 0.034
62 195 48 0.005 0.07
62 198 28 0.022 0.03
62 218 82 0.056 0.083
62 235 67 0.044 0.001
62 258 83 0.078 0.053
62 271 91 0.156 0.175
62 283 100 0.019 0.097
62 290 43 0.122 0.059
63 66 100 0.087 0.148
63 84 99 0.18 0.096
63 86 89 0.032 0.189
63 103 41 0.001 0.066
63 119 85 0.069 0.116
63 123 74 0.041 0.135
63 151 84 0.069 0.037
63 174 9 0.079 0.154
63 189 18 0.003 0.037
63 191 33 0.061 0.032
63 249 78 0.106 0.326
63 255 11 0.041 0.072
63 269 89 0.087 0.01
64 81 33 0.233 0.036
64 92 79 0.129 0.052
64 109 53 0.082 0.005
64 221 44 0.046 0.022
64 234 15 0.049 0.06
65 105 89 0.11 0.03
65 131 81 0.098 0.063
65 145 73 0.001 0.029
65 214 84 0.093 0.123
65 277 25 0.105 0.227
66 79 89 0.129 0.087
66 108 76 0.002 0.028
66 129 29 0.094 0.029
66 139 86 0.032 0.008
66 235 9 0.154 0.054
66 269 25 0.132 0.106
66 292 14 0.062 0.135
66 299 56 0.014 0.018
67 79 74 0.053 0.042
67 91 35 0.034 0.004
67 107 25 0.074 0.137
67 108 12 0.009 0.036
67 129 37 0.087 0.041
67 143 1 0.143 0.107
67 234 66 0.094 0.072
67 245 42 0.001 0.13
67 297 43 0.117 0.015
68 69 88 0.059 0.092
68 79 14 0.109 0.023
68 80 50 0.05 0.016
68 81 17 0.054 0.029
68 95 48 0.047 0.081
68 122 43 0.11 0.087
68 170 73 0.075 0.004
68 190 79 0.072 0.159
68 220 87 0.148 0.045
68 228 72 0.029 0.037
68 248 31 0.051 0.005
69 77 97 0.058 0.033
69 86 54 0.071 0.102
69 105 82 0.012 0.101
69 121 88 0.065 0.067
69 133 74 0.122 0.014
69 170 32 0.049 0.01
69 191 69 0.025 0.14
69 193 69 0.108 0.057
69 196 82 0.092 0.061
69 205 92 0.023 0.042
69 216 36 0.027 0.145
69 228 91 0.037 0.011
69 241 23 0.002 0.035
69 280 45 0.127 0.066
69 290 75 0.064 0.014
69 298 4 0.005 0.089
70 81 6 0.011 0.092
70 98 97 0.076 0.181
70 111 15 0.066 0.147
70 116 41 0.097 0.069
70 138 100 0.049 0.088
70 153 36 0.059 0.162
70 156 31 0.071 0.013
70 169 13 0.012 0.114
70 172 78 0.056 0.117
70 184 32 0.06 0.047
70 188 25 0.002 0.099
70 195 14 0.087 0.099
70 234 98 0.093 0.043
70 251 56 0.06 0.096
70 255 13 0.013 0.085
70 260 52 0.017 0.256
70 277 72 0.024 0.189
71 92 84 0.103 0.084
71 126 26 0.091 0.007
71 134 75 0.009 0.006
71 158 40 0.062 0.103
71 168 26 0.031 0.088
71 183 95 0.135 0.041
71 196 54 0.101 0.054
71 198 9 0.042 0.045
71 233 5 0.021 0.001
71 279 19 0.085 0.007
72 102 73 0.014 0.065
72 122 23 0.003 0.137
72 132 55 0.15 0.007
72 165 69 0.083 0.024
72 170 65 0.022 0.095
72 184 39 0.001 0.046
72 187 76 0.176 0.005
72 201 13 0.161 0.009
72 222 51 0.012 0.034
72 275 60 0.098 0.089
72 277 34 0.108 0.053
73 83 47 0.086 0.011
73 88 11 0.045 0.12
73 95 50 0.121 0.004
73 112 20 0.001 0.14
73 128 93 0.004 0.192
73 130 54 0.055 0.057
73 146 11 0.057 0.07
73 164 33 0.012 0.206
73 167 4 0.007 0.01
73 177 7 0.009 0.023
73 196 68 0.002 0.042
73 197 5 0.03 0.066
73 199 65 0.06 0.051
73 205 94 0.001 0.115
73 219 89 0.014 0.073
73 226 80 0.012 0.031
73 236 95 0.065 0.071
73 238 60 0.07 0.126
73 261 74 0.089 0.132
73 268 67 0.036 0.04
73 283 95 0.011 0.024
73 296 92 0.033 0.008
74 81 59 0.033 0.193
74 100 65 0.111 0.006
74 113 4 0.16 0.084
74 118 1 0.001 0.294
74 175 39 0.129 0.089
74 197 21 0.134 0.14
74 243 88 0.028 0.067
75 104 53 0.071 0.102
75 122 10 0.029 0.057
75 130 100 0.044 0.156
75 153 35 0.117 0.172
75 177 54 0.083 0.087
75 214 96 0.096 0.028
75 222 24 0.036 0.07
75 269 33 0.108 0.042
76 127 36 0.027 0.157
76 139 84 0.039 0.03
76 183 22 0.031 0.047
76 198 49 0.036 0.084
76 211 1 0.094 0.073
76 235 32 0.042 0.097
76 239 57 0.027 0.172
76 245 76 0.155 0.078
76 294 64 0.164 0.209
77 83 9 0.075 0.112
77 101 53 0.097 0.03
77 131 97 0.03 0.097
77 140 42 0.151 0.046
77 147 16 0.1 0.122
77 149 10 0.003 0.139
77 163 46 0.017 0.079
77 183 93 0.1 0.006
77 184 3 0.144 0.074
77 198 29 0.015 0.058
77 215 53 0.017 0.021
77 217 53 0.008 0.169
78 96 82 0.048 0.139
78 99 51 0.041 0.111
78 133 69 0.004 0.013
78 185 26 0.012 0.256
78 196 83 0.174 0.093
78 200 6 0.056 0.05
78 209 23 0.168 0.16
78 219 27 0.104 0.038
78 251 33 0.039 0.079
79 103 77 0.019 0.07
79 108 88 0.052 0.144
79 114 99 0.126 0.026
79 143 70 0.027 0.064
79 147 78 0.098 0.109
79 165 57 0.024 0.053
79 168 15 0.02 0.089
79 173 43 0.095 0.077
79 177 72 0.029 0.053
79 220 81 0.023 0.126
79 236 8 0.034 0.002
79 256 62 0.022 0.111
79 257 26 0.143 0.029
79 271 63 0.026 0.11
79 287 81 0.032 0.04
79 293 8 0.065 0.025
79 299 14 0.013 0.052
80 103 48 0.17 0.04
80 117 45 0.018 0.015
80 132 21 0.014 0.046
80 169 61 0.082 0.074
80 180 96 0.104 0.1
80 230 50 0.04 0.147
80 241 1 0.095 0.053
80 245 53 0.062 0.095
80 268 50 0.03 0.072
80 276 96 0.129 0.046
80 285 56 0.081 0.125
80 292 93 0.016 0.031
81 114 12 0.081 0.243
81 120 29 0.013 0.027
81 148 90 0.072 0.061
81 163 25 0.051 0.064
81 190 86 0.02 0.054
81 240 14 0.019 0.021
81 256 80 0.032 0.022
81 263 62 0.113 0.226
82 101 63 0.005 0.017
82 106 69 0.022 0.054
82 115 31 0.121 0.063
82 151 36 0.098 0.183
82 290 26 0.14 0.131
83 87 14 0.008 0.019
83 91 37 0.072 0.054
83 110 58 0.046 0.161
83 123 29 0.078 0.04
83 131 54 0.145 0.065
83 134 42 0.015 0.03
83 153 5 0.033 0.006
83 207 87 0.014 0.002
83 244 26 0.005 0.505
83 246 61 0.129 0.001
83 266 37 0.048 0.002
83 281 41 0.088 0.071
84 129 37 0.061 0.017
84 130 24 0.081 0.188
84 168 12 0.136 0.03
84 177 22 0.042 0.104
84 180 7 0.058 0.009
84 199 55 0.044 0.049
84 227 95 0.14 0.058
84 246 15 0.118 0.067
84 271 18 0.078 0.022
85 105 17 0.022 0.079
85 113 20 0.015 0.004
85 141 28 0.073 0.158
85 142 21 0.028 0.085
85 146 57 0.04 0.05
85 147 96 0.002 0.015
85 167 39 0.126 0.063
85 186 21 0.072 0.107
85 198 54 0.06 0.027
85 211 40 0.075 0.105
85 232 73 0.045 0.015
85 237 30 0.053 0.007
85 267 79 0.009 0.093
86 89 19 0.082 0.067
86 117 55 0.131 0.007
86 229 31 0.012 0.131
86 236 31 0.167 0.074
86 270 14 0.116 0.307
86 283 63 0.115 0.015
87 96 69 0.106 0.115
87 108 98 0.032 0.056
87 164 87 0.018 0.155
87 166 8 0.152 0.045
87 210 8 0.102 0.002
87 258 41 0.198 0.086
87 265 28 0.073 0.065
88 116 31 0.122 0.041
88 155 9 0.229 0.095
88 179 79 0.012 0.101
88 224 7 0.033 0.082
88 230 23 0.026 0.128
88 273 2 0.024 0.145
88 277 78 0.109 0.002
89 94 25 0.05 0.02
89 121 16 0.057 0.017
89 125 85 0.147 0.041
89 161 48 0.097 0.081
89 246 79 0.014 0.087
89 257 65 0.123 0.016
89 282 69 0.053 0.128
90 107 29 0.017 0.186
90 119 27 0.184 0.081
90 164 74 0.038 0.125
90 177 53 0.186 0.003
90 188 22 0.169 0.06
90 201 30 0.074 0.138
90 256 62 0.04 0.023
90 278 94 0.078 0.147
91 142 18 0.044 0.02
91 158 97 0.019 0.023
91 186 50 0.061 0.21
91 207 54 0.073 0.214
91 214 96 0.094 0.042
91 251 31 0.181 0.022
91 288 69 0.027 0.074
92 93 5 0.09 0.135
92 95 72 0.053 0.143
92 103 87 0.113 0.071
92 129 21 0.052 0.008
92 131 17 0.112 0.027
92 137 60 0.051 0.045
92 153 89 0.061 0.135
92 154 86 0.021 0.094
92 162 3 0.076 0.131
92 177 55 0.057 0.085
92 223 86 0.042 0.001
92 239 20 0.029 0.01
92 242 6 0.032 0.026
93 106 55 0.122 0.083
93 119 28 0.152 0.158
93 159 79 0.029 0.119
93 163 49 0.05 0.192
93 210 72 0.144 0.035
93 216 3 0.107 0.036
93 261 48 0.04 0.174
93 273 64 0.005 0.087
94 99 45 0.135 0.056
94 137 81 0.108 0.183
94 157 11 0.151 0.108
94 158 29 0.066 0.139
94 178 7 0.092 0.065
94 180 92 0.027 0.007
94 191 89 0.071 0.092
94 232 7 0.127 0.167
94 246 80 0.117 0.066
94 251 25 0.044 0.11
95 116 24 0.02 0.072
95 124 16 0.083 0.052
95 166 7 0.136 0.175
95 199 81 0.075 0.098
95 225 68 0.108 0.059
95 240 8 0.037 0.113
95 243 60 0.013 0.033
95 292 34 0.021 0.071
96 153 90 0.048 0.018
96 164 59 0.113 0.035
96 205 68 0.052 0.084
96 211 57 0.002 0.025
96 218 36 0.031 0.05
96 256 38 0.139 0.036
96 270 98 0.044 0.082
96 276 84 0.026 0.117
96 281 3 0.123 0.032
97 107 52 0.067 0.018
97 116 60 0.001 0.16
97 147 3 0.037 0.01
97 175 14 0.008 0.004
97 179 41 0.05 0.057
97 183 15 0.118 0.087
97 190 87 0.22 0.068
97 198 81 0.015 0.061
97 231 74 0.012 0.119
97 243 46 0.076 0.002
97 262 5 0.001 0.038
98 147 83 0.102 0.017
98 159 44 0.208 0.056
98 178 9 0.066 0.032
98 209 96 0.143 0.091
98 216 68 0.082 0.06
98 247 20 0.084 0.055
98 262 71 0.045 0.013
99 104 58 0.055 0.188
99 122 98 0.071 0.158
99 123 21 0.014 0.089
99 152 99 0.102 0.081
99 156 30 0.033 0.189
99 167 19 0.119 0.11
99 198 3 0.015 0.011
99 226 5 0.023 0.014
99 242 23 0.041 0.087
99 249 69 0.054 0.175
99 253 96 0.001 0.052
99 271 58 0.07 0.084
99 290 37 0.014 0.008
99 296 92 0.108 0.148
100 115 72 0.156 0.015
100 192 50 0.031 0.022
100 216 4 0.064 0.041
100 228 92 0.041 0.056
100 231 95 0.048 0.127
100 232 83 0.116 0.005
100 240 29 0.051 0.012
100 265 89 0.167 0.064
101 107 46 0.041 0.066
101 114 68 0.046 0.003
101 136 75 0.089 0.111
101 176 89 0.103 0.203
101 193 26 0.087 0.034
101 210 82 0.03 0.157
101 227 85 0.02 0.018
101 258 24 0.037 0.004
101 275 56 0.064 0.064
101 276 55 0.042 0.047
101 279 47 0.127 0.008
101 283 69 0.053 0.037
102 115 56 0.065 0.096
102 131 71 0.143 0.126
102 151 53 0.012 0.021
102 160 91 0.037 0.122
102 168 3 0.125 0.141
102 175 1 0.012 0.031
102 211 47 0.014 0.137
102 229 35 0.095 0.144
102 234 44 0.147 0.05
102 298 22 0.11 0.071
103 133 3 0.099 0.066
103 174 99 0.049 0.126
103 182 70 0.023 0.243
103 191 88 0.072 0.058
103 214 33 0.022 0.084
103 220 85 0.036 0.008
103 221 77 0.001 0.082
103 245 87 0.066 0.04
103 252 44 0.032 0.062
103 253 51 0.005 0.041
103 255 24 0.038 0.069
103 264 22 0.157 0.12
103 265 12 0.001 0.018
103 282 16 0.1 0.024
104 125 16 0.045 0.156
104 167 53 0.02 0.077
104 199 24 0.172 0.079
104 201 12 0.164 0.031
104 265 68 0.134 0.016
104 276 5 0.064 0.07
105 108 63 0.044 0.108
105 119 12 0.038 0.018
105 128 81 0.082 0.065
105 133 91 0.083 0.048
105 136 93 0.037 0.099
105 156 46 0.106 0.014
105 158 13 0.081 0.09
105 180 88 0.095 0.025
105 276 21 0.005 0.027
105 279 53 0.059 0.033
105 292 30 0.045 0.125
106 121 21 0.098 0.021
106 175 87 0.082 0.003
106 176 43 0.066 0.135
106 182 19 0.054 0.166
106 226 80 0.024 0.163
106 247 62 0.013 0.079
106 262 82 0.136 0.054
106 272 86 0.085 0.202
107 108 42 0.106 0.013
107 123 25 0.175 0.069
107 184 45 0.057 0.217
107 189 57 0.031 0.06
107 206 70 0.087 0.09
108 110 97 0.007 0.008
108 113 38 0.032 0.199
108 114 30 0.03 0.044
108 147 14 0.084 0.292
108 208 96 0.074 0.015
108 242 57 0.105 0.076
108 248 54 0.016 0.118
108 269 1 0.007 0.042
108 272 60 0.033 0.044
109 117 53 0.085 0.165
109 119 2 0.041 0.013
109 163 28 0.012 0.069
109 167 38 0.059 0.071
109 198 33 0.084 0.049
109 232 49 0.04 0.013
109 234 48 0.033 0.005
109 276 1 0.062 0.054
110 117 35 0.037 0.038
110 141 71 0.116 0.02
110 165 97 0.042 0.179
110 188 15 0.023 0.051
110 219 82 0.1 0.031
110 222 87 0.102 0.103
110 257 66 0.035 0.124
111 167 7 0.217 0.027
111 171 82 0.006 0.089
111 237 58 0.063 0.159
111 266 2 0.015 0.118
111 268 2 0.178 0.019
112 131 6 0.111 0.034
112 165 76 0.268 0.038
112 185 71 0.01 0.099
112 219 66 0.002 0.012
112 263 78 0.106 0.182
112 268 79 0.043 0.041
113 169 44 0.028 0.118
113 251 16 0.184 0.043
113 252 53 0.053 0.199
113 262 42 0.116 0.023
113 271 47 0.149 0.015
114 158 63 0.064 0.091
114 161 64 0.071 0.051
114 183 15 0.194 0.047
114 192 39 0.065 0.113
114 225 5 0.035 0.182
114 226 77 0.071 0.02
114 231 22 0.024 0.124
114 288 77 0.103 0.011
114 295 9 0.015 0.133
115 123 15 0.025 0.028
115 137 22 0.014 0.097
115 157 88 0.059 0.061
115 169 72 0.077 0.024
115 191 61 0.022 0.02
115 215 61 0.13 0.071
115 219 83 0.084 0.074
115 238 20 0.033 0.035
115 240 44 0.008 0.077
115 253 40 0.016 0.059
115 262 63 0.077 0.056
115 269 13 0.125 0.054
116 143 22 0.008 0.073
116 148 28 0.18 0.113
116 172 82 0.032 0.085
116 193 60 0.01 0.058
116 194 43 0.077 0.039
116 202 91 0.005 0.328
116 216 56 0.072 0.032
116 223 62 0.057 0.088
116 256 63 0.059 0.003
117 142 98 0.104 0.014
117 167 38 0.202 0.003
117 285 65 0.058 0.076
118 168 56 0.029 0.035
118 169 55 0.051 0.007
118 189 67 0.012 0.06
118 244 27 0.017 0.307
118 251 8 0.184 0.029
118 299 72 0.043 0.097
119 129 84 0.008 0.054
119 157 78 0.167 0.092
119 161 93 0.017 0.015
119 168 74 0.092 0.09
119 193 30 0.056 0.089
119 203 34 0.107 0.045
119 262 46 0.092 0.068
119 270 18 0.025 0.095
119 287 71 0.05 0.13
120 126 28 0.204 0.053
120 151 39 0.281 0.148
120 210 62 0.06 0.088
120 234 81 0.012 0.036
120 247 48 0.257 0.075
120 256 27 0.017 0.141
121 143 99 0.068 0.048
121 160 71 0.039 0.044
121 204 24 0.003 0.085
121 208 21 0.014 0.113
121 218 18 0.01 0.062
121 235 46 0.138 0.064
121 247 64 0.113 0.098
121 248 84 0.061 0.162
121 275 87 0.133 0.101
122 124 57 0.005 0.046
122 139 25 0.048 0.047
122 187 85 0.094 0.013
122 193 45 0.021 0.116
122 207 88 0.098 0.045
122 218 41 0.012 0.106
122 227 13 0.034 0.076
122 233 9 0.061 0.005
122 264 39 0.03 0.018
122 270 62 0.065 0.106
122 272 73 0.086 0.056
122 297 62 0.007 0.119
123 126 28 0.093 0.017
123 180 99 0.071 0.075
123 187 77 0.015 0.126
123 195 99 0.018 0.041
123 202 20 0.02 0.104
123 204 96 0.113 0.068
123 217 85 0.043 0.021
123 237 56 0.018 0.123
123 242 64 0.025 0.053
123 262 50 0.038 0.082
123 275 42 0.01 0.015
124 126 32 0.047 0.097
124 133 59 0.052 0.008
124 144 14 0.048 0.093
124 149 75 0.002 0.133
124 154 84 0.008 0.052
124 175 81 0.048 0.114
124 177 48 0.022 0.077
124 186 11 0.056 0.044
124 202 64 0.085 0.076
124 215 79 0.036 0.181
124 218 57 0.077 0.014
124 245 63 0.054 0.067
124 266 97 0.09 0.096
124 267 29 0.032 0.251
124 297 30 0.092 0.046
125 128 96 0.042 0.094
125 138 53 0.106 0.013
125 149 49 0.072 0.024
125 204 44 0.02 0.072
125 226 47 0.127 0.083
125 230 21 0.085 0.044
125 247 1 0.031 0.098
125 253 64 0.066 0.001
125 265 2 0.104 0.142
126 166 52 0.05 0.122
126 176 73 0.123 0.014
126 181 46 0.019 0.103
126 224 96 0.037 0.038
126 268 31 0.006 0.07
126 272 13 0.088 0.073
126 281 70 0.034 0.084
126 298 73 0.095 0.057
127 142 37 0.1 0.048
127 183 81 0.033 0.14
127 205 96 0.118 0.009
127 211 91 0.129 0.006
127 237 17 0.106 0.088
127 239 82 0.161 0.039
127 280 46 0.104 0.116
128 140 83 0.231 0.045
128 155 48 0.05 0.004
128 211 6 0.313 0.025
128 219 22 0.055 0.013
129 152 22 0.003 0.169
129 213 80 0.168 0.102
129 214 21 0.054 0.143
129 220 67 0.172 0.149
129 222 72 0.035 0.034
129 235 33 0.008 0.005
129 253 93 0.004 0.012
129 273 63 0.101 0.09
129 277 75 0.019 0.088
129 278 8 0.109 0.069
129 294 75 0.035 0.15
130 143 44 0.058 0.072
130 165 71 0.001 0.284
130 181 49 0.047 0.076
130 191 17 0.032 0.026
130 202 30 0.005 0.001
130 225 7 0.131 0.165
130 242 4 0.068 0.092
130 265 64 0.068 0.069
130 269 51 0.023 0.111
130 285 64 0.044 0.05
130 292 100 0.006 0.121
131 154 45 0.004 0.079
131 167 93 0.112 0.06
131 175 76 0.025 0.294
131 182 28 0.014 0.109
131 193 82 0.019 0.129
131 203 2 0.054 0.042
131 207 94 0.043 0.015
131 213 96 0.033 0.057
131 252 59 0.036 0.076
131 265 53 0.061 0.143
132 139 73 0.034 0.088
132 156 44 0.154 0.005
132 173 91 0.066 0.015
132 185 72 0.065 0.281
132 202 95 0.09 0.106
132 212 36 0.076 0.108
132 233 94 0.075 0.063
132 253 37 0.079 0.142
132 264 76 0.017 0.08
132 279 19 0.142 0.018
133 137 77 0.121 0.023
133 141 27 0.112 0.201
133 196 92 0.014 0.077
133 205 24 0.081 0.009
133 217 73 0.028 0.153
133 221 82 0.091 0.004
133 268 91 0.053 0.089
133 274 60 0.06 0.027
133 278 72 0.034 0.028
133 295 57 0.013 0.03
134 137 54 0.057 0.086
134 145 66 0.052 0.144
134 160 15 0.04 0.163
134 173 20 0.165 0.027
134 191 43 0.136 0.145
134 198 36 0.112 0.064
134 200 48 0.053 0.023
134 263 37 0.041 0.093
135 162 10 0.029 0.059
135 177 83 0.111 0.028
135 216 44 0.031 0.002
135 217 44 0.044 0.052
135 236 23 0.146 0.091
135 266 86 0.148 0.051
135 283 100 0.016 0.195
135 293 82 0.09 0.248
135 299 9 0.03 0.015
136 162 54 0.045 0.018
136 239 67 0.042 0.117
136 274 90 0.008 0.011
136 283 75 0.075 0.108
137 155 61 0.118 0.22
137 171 74 0.018 0.095
137 172 63 0.01 0.097
137 231 27 0.134 0.063
137 276 9 0.083 0.096
137 287 17 0.185 0.167
138 151 87 0.179 0.184
138 158 20 0.017 0.038
138 167 9 0.137 0.051
138 192 39 0.009 0.05
138 194 77 0.056 0.052
138 221 54 0.04 0.137
138 225 92 0.056 0.017
138 237 57 0.094 0.065
138 283 89 0.197 0.112
139 213 18 0.053 0.021
139 217 2 0.006 0.026
139 244 48 0.0 0.09
139 263 43 0.057 0.06
139 268 70 0.111 0.04
139 291 27 0.203 0.084
139 296 35 0.171 0.124
140 143 59 0.116 0.108
140 148 66 0.233 0.16
140 274 64 0.234 0.055
140 297 19 0.252 0.04
141 222 38 0.25 0.074
141 226 11 0.125 0.117
141 252 31 0.166 0.08
141 297 62 0.08 0.163
142 192 76 0.165 0.168
142 196 61 0.064 0.112
142 208 85 0.046 0.207
142 271 40 0.096 0.162
142 282 15 0.139 0.101
143 225 95 0.084 0.049
143 230 60 0.041 0.116
143 275 100 0.169 0.039
143 294 50 0.123 0.084
144 160 78 0.079 0.127
144 180 15 0.059 0.073
144 181 19 0.104 0.292
144 187 98 0.1 0.113
144 188 43 0.039 0.062
144 202 80 0.16 0.077
144 207 91 0.09 0.128
144 212 89 0.125 0.044
145 159 78 0.11 0.036
145 189 21 0.102 0.147
145 193 32 0.028 0.013
145 220 12 0.155 0.15
145 283 85 0.004 0.036
145 284 52 0.078 0.063
145 287 76 0.014 0.053
146 150 8 0.017 0.046
146 161 33 0.16 0.183
146 207 59 0.173 0.048
146 230 85 0.117 0.114
146 252 38 0.077 0.025
146 254 22 0.108 0.027
146 263 34 0.086 0.15
146 265 83 0.029 0.039
147 170 19 0.081 0.085
147 172 63 0.079 0.013
147 271 71 0.052 0.074
147 285 82 0.162 0.014
147 297 7 0.007 0.051
148 157 86 0.161 0.076
148 162 41 0.055 0.099
148 174 79 0.043 0.202
148 204 77 0.023 0.068
148 247 97 0.043 0.004
148 260 14 0.063 0.006
148 262 97 0.047 0.038
149 162 56 0.092 0.085
149 207 21 0.057 0.02
149 212 65 0.002 0.082
149 224 34 0.025 0.09
149 236 1 0.223 0.095
149 247 7 0.181 0.015
149 258 93 0.027 0.054
150 163 48 0.04 0.09
150 168 48 0.093 0.089
150 186 53 0.108 0.016
150 231 82 0.048 0.029
150 239 78 0.022 0.103
150 256 29 0.039 0.001
150 259 65 0.072 0.002
150 270 20 0.062 0.249
150 271 74 0.103 0.164
150 290 62 0.123 0.011
151 199 16 0.188 0.045
151 212 76 0.012 0.312
151 217 51 0.037 0.042
151 229 64 0.023 0.17
151 260 72 0.167 0.209
152 208 47 0.073 0.076
152 213 36 0.025 0.032
152 221 61 0.105 0.068
152 262 13 0.109 0.063
153 159 37 0.034 0.09
153 178 65 0.114 0.082
153 194 26 0.108 0.084
153 195 37 0.028 0.069
153 217 98 0.104 0.108
153 242 29 0.009 0.061
153 255 95 0.005 0.014
154 181 45 0.165 0.08
154 203 60 0.003 0.097
154 219 49 0.048 0.06
154 232 31 0.055 0.136
154 244 31 0.176 0.028
154 249 46 0.007 0.109
154 266 13 0.097 0.133
154 280 67 0.212 0.047
154 283 90 0.012 0.018
155 179 9 0.008 0.149
155 193 9 0.02 0.095
155 200 96 0.093 0.139
155 213 17 0.215 0.043
155 259 38 0.19 0.073
155 267 49 0.02 0.197
156 189 77 0.059 0.159
156 269 13 0.01 0.042
157 173 53 0.086 0.074
157 214 15 0.013 0.037
157 240 48 0.064 0.047
157 266 74 0.086 0.136
157 272 76 0.071 0.085
158 163 24 0.064 0.019
158 191 63 0.094 0.031
158 203 10 0.069 0.007
158 206 51 0.019 0.043
158 209 13 0.048 0.017
158 211 91 0.05 0.046
158 288 98 0.032 0.151
159 170 53 0.011 0.108
159 192 3 0.136 0.073
159 206 90 0.116 0.24
159 257 16 0.018 0.09
159 296 41 0.169 0.013
160 236 12 0.144 0.038
160 292 39 0.074 0.171
160 295 63 0.062 0.056
161 186 81 0.056 0.166
161 191 91 0.177 0.016
161 205 40 0.012 0.129
161 206 40 0.143 0.196
161 216 83 0.004 0.11
161 264 86 0.038 0.123
161 292 63 0.12 0.013
162 200 25 0.02 0.055
162 205 82 0.067 0.135
162 220 3 0.103 0.09
162 222 9 0.09 0.077
162 226 50 0.052 0.056
162 250 36 0.076 0.034
162 252 94 0.085 0.057
162 266 25 0.064 0.027
162 273 12 0.031 0.096
163 166 26 0.045 0.142
163 171 19 0.035 0.176
163 187 88 0.052 0.038
163 218 42 0.001 0.119
163 230 77 0.01 0.068
163 234 63 0.084 0.056
163 236 16 0.01 0.163
163 294 22 0.006 0.008
164 255 98 0.078 0.195
165 188 84 0.146 0.1
165 252 89 0.08 0.121
165 295 70 0.116 0.208
166 180 92 0.204 0.069
166 183 100 0.013 0.093
166 248 58 0.074 0.055
166 268 89 0.004 0.047
167 194 1 0.035 0.022
167 214 89 0.022 0.046
167 242 79 0.085 0.123
167 253 41 0.061 0.035
167 274 77 0.16 0.172
167 292 1 0.009 0.057
168 192 1 0.048 0.037
168 196 96 0.037 0.113
168 210 91 0.124 0.123
168 217 49 0.001 0.022
168 222 12 0.073 0.07
168 230 48 0.065 0.123
168 275 10 0.004 0.18
168 293 88 0.029 0.247
169 213 40 0.12 0.071
169 282 38 0.149 0.147
169 296 21 0.009 0.131
170 172 6 0.056 0.114
170 180 24 0.052 0.058
170 210 78 0.129 0.089
170 225 19 0.009 0.118
170 248 99 0.083 0.092
171 175 41 0.227 0.083
171 197 12 0.112 0.095
171 234 19 0.079 0.059
171 260 26 0.15 0.018
172 184 96 0.246 0.022
172 188 45 0.17 0.176
172 227 23 0.158 0.074
173 180 54 0.045 0.004
173 183 97 0.038 0.017
173 223 98 0.036 0.014
173 245 2 0.033 0.102
173 247 47 0.038 0.006
173 248 66 0.087 0.159
173 256 36 0.139 0.028
173 258 18 0.059 0.175
173 280 6 0.049 0.243
173 295 15 0.083 0.015
174 287 18 0.261 0.092
175 233 53 0.085 0.19
175 241 86 0.141 0.027
175 268 52 0.034 0.014
175 283 18 0.084 0.112
175 299 18 0.038 0.025
176 190 33 0.161 0.082
176 193 94 0.048 0.133
176 242 60 0.238 0.101
176 288 68 0.06 0.043
177 204 8 0.044 0.002
177 245 9 0.096 0.01
177 247 76 0.124 0.005
177 257 51 0.067 0.091
178 192 50 0.082 0.238
178 218 89 0.035 0.081
178 232 33 0.099 0.108
178 238 31 0.012 0.109
178 247 55 0.079 0.06
178 253 56 0.093 0.11
178 258 88 0.01 0.108
178 276 12 0.012 0.076
179 211 80 0.117 0.02
179 288 66 0.191 0.054
180 216 65 0.061 0.04
180 218 28 0.082 0.088
180 238 57 0.201 0.007
180 290 13 0.079 0.026
181 226 77 0.162 0.105
181 285 2 0.056 0.057
181 286 58 0.076 0.314
181 291 5 0.007 0.043
182 183 30 0.034 0.029
182 214 28 0.043 0.156
182 216 9 0.064 0.007
182 250 12 0.088 0.173
182 253 30 0.18 0.046
182 298 96 0.073 0.02
183 196 31 0.019 0.1
183 198 37 0.105 0.012
183 243 90 0.035 0.199
183 252 42 0.043 0.003
183 295 23 0.093 0.034
183 298 80 0.068 0.068
184 200 67 0.112 0.052
184 204 67 0.069 0.045
184 210 24 0.081 0.004
184 212 9 0.017 0.013
184 213 49 0.032 0.08
184 240 9 0.014 0.037
184 252 1 0.012 0.058
184 272 46 0.102 0.085
185 254 80 0.023 0.003
185 257 66 0.18 0.013
186 201 79 0.057 0.046
187 222 87 0.082 0.132
187 228 1 0.251 0.008
187 279 87 0.119 0.12
188 196 82 0.036 0.018
188 258 21 0.032 0.019
188 281 83 0.061 0.155
188 288 67 0.047 0.022
189 212 99 0.076 0.002
189 226 90 0.082 0.036
189 255 29 0.082 0.149
189 267 5 0.051 0.021
190 194 9 0.11 0.079
190 232 88 0.121 0.022
190 240 33 0.055 0.027
190 286 36 0.016 0.148
190 299 66 0.062 0.078
191 200 63 0.058 0.049
191 213 22 0.18 0.06
191 278 83 0.086 0.103
191 279 60 0.095 0.02
192 258 65 0.064 0.014
192 291 54 0.072 0.075
193 209 31 0.256 0.082
194 199 92 0.055 0.086
194 211 32 0.021 0.039
194 235 59 0.106 0.01
194 240 94 0.049 0.121
194 259 49 0.11 0.052
194 261 80 0.09 0.007
194 262 17 0.104 0.021
194 294 72 0.037 0.044
195 200 88 0.001 0.011
195 226 25 0.067 0.128
196 197 3 0.014 0.095
196 225 98 0.011 0.021
196 264 13 0.022 0.033
196 291 99 0.076 0.063
197 198 37 0.282 0.087
197 231 63 0.1 0.225
197 259 42 0.037 0.09
198 213 88 0.041 0.062
198 221 49 0.059 0.044
198 223 95 0.075 0.134
198 228 84 0.086 0.108
198 260 26 0.114 0.119
198 268 24 0.008 0.011
199 200 94 0.131 0.033
199 247 82 0.1 0.06
199 258 87 0.202 0.219
199 264 23 0.004 0.064
199 271 37 0.083 0.076
199 279 76 0.072 0.018
200 201 19 0.085 0.044
200 205 60 0.035 0.014
200 249 65 0.032 0.166
200 251 1 0.067 0.133
200 254 73 0.144 0.088
200 269 14 0.042 0.122
200 281 21 0.059 0.131
201 203 94 0.082 0.091
201 212 96 0.112 0.09
201 224 58 0.014 0.024
201 235 56 0.068 0.075
201 236 10 0.077 0.024
201 246 92 0.038 0.062
201 275 38 0.001 0.033
201 276 86 0.004 0.05
201 279 94 0.105 0.033
201 289 23 0.076 0.402
202 235 84 0.033 0.102
202 248 5 0.065 0.103
202 285 31 0.038 0.066
203 206 55 0.087 0.036
203 212 45 0.057 0.044
203 249 14 0.168 0.224
203 250 26 0.087 0.007
203 259 62 0.072 0.12
203 275 99 0.073 0.028
204 213 34 0.063 0.09
204 238 39 0.077 0.003
204 260 96 0.114 0.032
204 299 73 0.131 0.013
205 221 74 0.135 0.085
205 234 71 0.075 0.209
205 241 56 0.065 0.009
205 276 36 0.004 0.084
206 230 98 0.002 0.049
206 297 73 0.08 0.078
207 234 1 0.111 0.077
207 280 28 0.072 0.263
207 291 53 0.097 0.039
208 216 54 0.027 0.063
208 229 29 0.003 0.236
208 246 72 0.019 0.098
208 275 94 0.136 0.139
208 286 94 0.204 0.031
208 292 51 0.046 0.126
208 298 60 0.067 0.124
209 229 69 0.163 0.158
209 252 60 0.099 0.024
209 291 46 0.086 0.121
209 295 85 0.007 0.007
210 247 7 0.164 0.001
210 255 39 0.085 0.112
210 277 6 0.049 0.186
210 297 1 0.076 0.094
211 218 14 0.077 0.035
211 234 12 0.047 0.083
211 241 15 0.072 0.21
211 243 51 0.015 0.102
211 284 35 0.043 0.121
211 288 48 0.036 0.176
212 247 90 0.03 0.004
212 256 75 0.046 0.101
213 236 35 0.114 0.002
213 237 19 0.038 0.004
213 265 20 0.009 0.017
213 267 67 0.018 0.026
213 293 15 0.025 0.028
213 296 2 0.001 0.033
214 279 31 0.07 0.191
214 280 14 0.071 0.004
214 294 11 0.062 0.183
215 219 83 0.028 0.024
215 224 20 0.294 0.015
216 229 45 0.143 0.041
216 251 7 0.115 0.066
216 257 1 0.024 0.069
216 293 41 0.054 0.118
217 246 71 0.076 0.053
217 277 83 0.011 0.034
217 298 50 0.157 0.095
218 238 3 0.065 0.085
218 277 59 0.043 0.047
218 285 52 0.086 0.039
219 234 20 0.103 0.061
219 260 60 0.072 0.254
220 236 24 0.217 0.02
220 281 13 0.061 0.097
220 294 76 0.015 0.007
221 248 86 0.026 0.04
221 284 12 0.107 0.252
221 298 7 0.198 0.012
222 257 71 0.022 0.11
222 265 27 0.136 0.118
222 279 82 0.051 0.091
223 263 61 0.193 0.067
223 266 32 0.08 0.036
223 295 79 0.291 0.113
224 229 2 0.034 0.099
224 242 89 0.033 0.054
224 244 45 0.162 0.053
224 262 69 0.114 0.079
224 266 88 0.071 0.056
224 280 79 0.09 0.032
224 290 21 0.002 0.107
224 291 47 0.069 0.098
226 227 44 0.029 0.009
226 230 67 0.058 0.042
226 269 77 0.092 0.134
226 290 60 0.068 0.098
227 232 34 0.101 0.092
227 242 51 0.013 0.016
227 260 28 0.036 0.006
227 280 67 0.083 0.044
228 250 26 0.198 0.192
228 298 32 0.218 0.054
229 236 10 0.021 0.052
230 242 8 0.05 0.05
230 271 18 0.071 0.009
232 239 99 0.191 0.008
232 281 90 0.107 0.006
233 237 68 0.153 0.056
233 259 66 0.17 0.032
233 284 51 0.09 0.041
234 286 54 0.043 0.02
235 244 35 0.15 0.005
235 264 71 0.096 0.072
235 276 46 0.063 0.115
235 295 76 0.038 0.114
236 251 68 0.1 0.137
236 285 27 0.065 0.075
237 240 71 0.078 0.019
237 252 18 0.11 0.027
237 260 26 0.116 0.081
237 291 94 0.099 0.081
238 264 78 0.128 0.049
238 299 44 0.011 0.136
239 254 16 0.038 0.148
239 266 42 0.113 0.038
239 268 88 0.027 0.071
239 282 15 0.076 0.025
240 270 38 0.117 0.087
241 273 89 0.106 0.04
241 299 49 0.057 0.099
242 246 23 0.058 0.078
242 268 74 0.028 0.047
243 261 39 0.083 0.229
243 262 68 0.016 0.057
243 288 41 0.01 0.034
244 246 26 0.012 0.03
245 255 81 0.079 0.031
245 266 25 0.083 0.003
245 294 36 0.064 0.13
246 259 65 0.082 0.142
246 273 77 0.016 0.081
246 278 58 0.032 0.022
247 256 29 0.021 0.142
247 273 41 0.011 0.13
247 287 16 0.064 0.081
247 293 10 0.075 0.082
247 296 77 0.021 0.114
248 279 34 0.029 0.085
248 280 25 0.085 0.034
248 295 84 0.152 0.055
250 268 70 0.081 0.013
250 282 69 0.044 0.104
250 286 62 0.046 0.025
250 299 99 0.058 0.116
251 257 59 0.021 0.077
251 284 63 0.115 0.044
251 298 41 0.04 0.046
252 296 68 0.008 0.126
253 262 21 0.058 0.078
253 274 46 0.298 0.149
253 284 19 0.054 0.012
254 286 9 0.244 0.01
254 287 53 0.014 0.023
255 282 59 0.077 0.049
256 257 77 0.081 0.068
256 275 81 0.137 0.115
256 284 28 0.083 0.077
258 272 16 0.098 0.029
259 276 89 0.049 0.056
259 288 49 0.04 0.023
261 263 39 0.081 0.014
262 263 25 0.056 0.101
262 265 46 0.026 0.157
262 281 58 0.031 0.014
262 284 8 0.024 0.002
263 280 10 0.092 0.025
266 291 31 0.037 0.049
267 274 74 0.062 0.024
268 282 7 0.022 0.153
268 289 70 0.001 0.332
269 273 86 0.074 0.087
269 295 92 0.058 0.153
272 284 43 0.009 0.056
273 279 31 0.027 0.116
274 296 92 0.093 0.117
277 290 43 0.064 0.061
277 291 46 0.029 0.029
278 288 87 0.273 0.079
281 284 86 0.051 0.014
281 296 29 0.132 0.012
284 285 99 0.073 0.087
284 291 10 0.092 0.071
285 289 85 0.03 0.02
287 290 42 0.021 0.025
291 299 67 0.14 0.115
294 297 69 0.166 0.147
297 299 5 0.182 0.109
