300 938 0 53 280
0 1 65 0 0.157
0 2 26 0 0.107
0 3 30 0 0.009
0 4 94 0 0.039
0 125 18 0 0.093
0 128 9 0 0.979
0 129 17 0 0.068
0 161 44 0 0.026
0 218 91 0 0.093
1 5 34 0.051 0.162
1 6 35 0.069 0.029
1 22 47 0.068 0.01
1 24 60 0.15 0.087
1 74 82 0.067 0.086
1 171 97 0.33 0.05
1 178 52 0.108 0.065
2 24 41 0.034 0.232
2 49 9 0.205 0.111
2 59 90 0.285 0.091
2 74 8 0.26 0.072
2 146 1 0.017 0.068
2 157 49 0.014 0.036
2 258 20 0.078 0.424
3 5 22 0.091 0.105
3 7 93 0.078 0.106
3 8 69 0.063 0.198
3 9 96 0.096 0.025
3 26 53 0.003 0.142
3 50 90 0.129 0.001
3 57 38 0.085 0.243
3 163 21 0.082 0.03
3 231 72 0.014 0.111
3 249 32 0.099 0.106
3 250 78 0.148 0.206
3 288 79 0.103 0.361
4 10 92 0.106 0.019
4 14 26 0.055 0.09
4 33 67 0.013 0.121
4 39 77 0.088 0.017
4 54 10 0.062 0.126
4 86 41 0.099 0.135
4 149 6 0.116 0.394
4 180 84 0.161 0.145
4 206 72 0.2 0.09
4 214 47 0.061 0.024
5 48 99 0.181 0.323
5 52 80 0.123 0.106
5 54 69 0.044 0.034
5 77 49 0.016 0.03
5 123 8 0.114 0.272
5 124 46 0.01 0.097
5 188 84 0.153 0.042
5 298 89 0.092 0.027
6 15 15 0.068 0.001
6 20 99 0.156 0.05
6 42 92 0.062 0.165
6 43 13 0.195 0.006
6 135 94 0.121 0.205
6 153 47 0.038 0.256
6 187 42 0.128 0.086
6 276 12 0.203 0.325
7 92 84 0.015 0.069
7 113 97 0.099 0.126
7 133 66 0.176 0.219
7 179 3 0.115 0.01
7 189 52 0.264 0.357
7 268 39 0.086 0.092
7 285 13 0.139 0.413
8 11 10 0.122 0.021
8 17 74 0.173 0.104
8 30 37 0.238 0.052
8 127 76 0.132 0.017
8 178 20 0.118 0.073
8 210 96 0.019 0.869
9 13 3 0.151 0.103
9 26 100 0.024 0.179
9 29 61 0.122 0.037
9 30 9 0.204 0.234
9 32 7 0.154 0.334
9 45 6 0.033 0.335
9 58 91 0.137 0.16
9 230 36 0.109 0.03
9 240 38 0.037 0.272
9 271 60 0.004 0.278
10 37 21 0.144 0.006
10 46 6 0.163 0.101
10 77 15 0.14 0.063
10 122 24 0.213 0.063
10 132 34 0.053 0.113
10 183 25 0.062 0.286
10 221 21 0.206 0.018
11 12 48 0.155 0.141
11 35 91 0.167 0.045
11 70 7 0.077 0.115
11 72 85 0.036 0.011
11 187 77 0.236 0.243
11 228 69 0.116 0.048
11 229 25 0.145 0.24
11 270 100 0.047 0.417
12 19 40 0.195 0.385
12 31 55 0.16 0.506
12 80 74 0.201 0.331
12 81 43 0.08 0.221
12 154 4 0.068 0.056
12 260 93 0.018 0.25
12 271 30 0.137 0.172
13 30 94 0.142 0.152
13 31 99 0.116 0.264
13 34 3 0.212 0.027
13 127 92 0.018 0.404
13 163 62 0.063 0.147
13 205 49 0.054 0.872
13 207 17 0.192 0.071
13 295 36 0.1 0.014
14 25 39 0.069 0.161
14 33 53 0.187 0.13
14 52 53 0.008 0.054
14 55 18 0.06 0.026
14 73 32 0.15 0.145
14 127 26 0.027 0.004
14 167 50 0.042 0.073
14 211 37 0.106 0.028
14 234 77 0.183 0.122
14 266 47 0.078 0.596
15 16 100 0.126 0.129
15 21 35 0.061 0.084
15 23 48 0.017 0.188
15 26 3 0.059 0.018
15 41 40 0.144 0.097
15 46 83 0.107 0.094
15 49 61 0.075 0.098
15 53 94 0.117 0.387
15 109 6 0.094 0.14
15 115 75 0.072 0.884
15 197 39 0.018 0.254
15 274 77 0.109 0.178
16 18 17 0.044 0.379
16 85 100 0.041 0.169
16 154 33 0.085 0.18
16 161 66 0.039 0.156
16 164 52 0.154 0.194
16 168 46 0.068 0.088
16 187 74 0.112 0.128
16 208 20 0.156 0.968
16 236 74 0.066 0.055
16 243 18 0.012 0.133
16 250 21 0.094 0.147
17 22 13 0.196 0.03
17 34 44 0.05 0.24
17 36 54 0.027 0.228
17 40 74 0.131 0.391
17 100 88 0.167 0.011
17 197 59 0.033 0.107
17 207 18 0.083 0.2
17 216 86 0.114 0.37
17 282 40 0.017 0.138
17 284 61 0.078 0.067
18 21 3 0.363 0.13
18 74 36 0.023 0.114
18 226 62 0.012 0.27
18 272 17 0.04 0.094
18 275 50 0.082 0.124
18 280 27 0.101 0.164
19 30 47 0.204 0.182
19 65 62 0.116 0.128
19 77 87 0.077 0.32
19 112 4 0.046 0.283
19 264 67 0.172 0.195
20 30 20 0.067 0.012
20 43 69 0.002 0.473
20 63 65 0.074 0.067
20 67 61 0.041 0.124
20 71 100 0.094 0.388
20 79 62 0.172 0.126
20 124 25 0.056 0.221
20 151 74 0.12 0.096
20 159 97 0.028 0.396
20 219 81 0.109 0.169
20 220 71 0.123 0.215
20 287 12 0.064 0.012
21 50 98 0.029 0.236
21 82 36 0.159 0.098
21 83 84 0.082 0.046
21 88 51 0.116 0.026
21 139 76 0.026 0.074
21 201 97 0.001 0.217
21 227 34 0.255 0.236
21 254 33 0.035 0.031
21 274 27 0.083 0.03
22 27 8 0.047 0.036
22 81 61 0.133 0.01
22 116 36 0.141 0.316
22 136 34 0.131 0.186
22 161 3 0.073 0.1
22 209 70 0.059 0.069
22 262 60 0.152 0.533
22 283 55 0.045 0.195
22 292 51 0.117 0.111
22 295 39 0.062 0.165
23 64 89 0.173 0.26
23 74 16 0.199 0.18
23 87 93 0.44 0.0
24 82 39 0.416 0.195
24 218 64 0.265 0.01
25 56 46 0.636 0.141
25 58 68 0.059 0.245
25 158 5 0.144 0.136
26 42 10 0.113 0.041
26 59 17 0.115 0.042
26 85 94 0.161 0.174
26 102 14 0.057 0.094
26 145 86 0.024 0.379
26 184 2 0.057 0.125
26 274 1 0.03 0.028
26 295 46 0.104 0.821
27 28 9 0.162 0.265
27 29 11 0.083 0.015
27 35 58 0.063 0.149
27 38 25 0.028 0.548
27 130 52 0.094 0.254
27 156 8 0.199 0.413
27 236 27 0.335 0.262
28 55 63 0.045 0.153
28 75 65 0.102 0.285
28 80 61 0.213 0.142
28 214 7 0.016 0.144
28 242 46 0.246 0.33
28 264 39 0.113 0.125
29 36 50 0.353 0.141
29 159 61 0.07 0.053
29 183 42 0.113 0.184
29 207 54 0.247 0.005
29 273 36 0.165 0.096
30 55 81 0.152 0.196
30 67 82 0.005 0.098
30 70 20 0.038 0.262
30 101 59 0.002 0.213
30 153 55 0.171 0.14
31 61 45 0.066 0.001
31 177 47 0.164 0.03
32 72 86 0.071 0.052
32 147 36 0.32 0.134
32 155 82 0.275 0.086
33 60 27 0.153 0.069
33 61 18 0.242 0.079
33 87 94 0.056 0.554
33 95 68 0.042 0.217
33 123 24 0.072 0.167
33 124 19 0.08 0.682
33 241 39 0.074 0.585
33 292 63 0.03 0.072
34 38 77 0.051 0.167
34 39 70 0.12 0.005
34 42 4 0.219 0.091
34 137 66 0.03 0.094
34 141 87 0.004 0.546
34 166 4 0.187 0.069
34 171 75 0.018 0.023
34 221 12 0.104 0.189
35 66 52 0.12 0.107
35 130 92 0.312 0.253
35 212 14 0.374 0.204
36 78 28 0.221 0.246
36 106 100 0.081 0.051
36 107 75 0.038 0.332
36 240 60 0.133 0.312
36 298 33 0.158 0.092
37 66 40 0.274 0.124
37 142 63 0.214 0.192
37 150 17 0.183 0.043
37 184 11 0.201 0.179
37 223 55 0.122 0.071
38 76 94 0.048 0.106
38 84 100 0.228 0.305
38 157 80 0.009 0.143
39 44 7 0.578 0.15
39 63 24 0.147 0.369
39 100 18 0.253 0.244
40 107 3 0.048 0.102
40 131 90 0.136 0.111
40 175 28 0.219 0.457
40 188 30 0.024 0.108
40 243 61 0.182 0.266
41 105 88 0.397 0.107
41 116 67 0.067 0.202
41 131 83 0.194 0.085
41 187 19 0.066 0.228
41 212 11 0.179 0.091
42 47 74 0.22 0.3
42 113 44 0.151 0.001
42 132 62 0.018 0.003
42 135 90 0.242 0.229
42 211 11 0.072 0.062
43 138 28 0.127 0.129
43 229 9 0.239 0.077
43 286 8 0.155 0.741
44 52 78 0.26 0.114
44 89 72 0.141 0.059
44 182 2 0.229 0.285
44 185 43 0.171 0.094
44 229 18 0.049 0.204
45 68 62 0.112 0.302
45 76 83 0.303 0.091
45 82 72 0.133 0.092
45 125 90 0.032 0.128
45 268 43 0.085 0.392
46 118 20 0.06 0.194
46 132 93 0.022 0.048
46 141 72 0.238 0.088
46 144 14 0.115 0.112
46 227 20 0.244 0.098
46 231 79 0.126 0.118
47 97 78 0.7 0.154
48 51 93 0.386 0.003
48 81 78 0.204 0.084
48 213 45 0.087 0.197
49 110 53 0.291 0.012
49 158 46 0.174 0.175
49 200 41 0.143 0.067
49 227 62 0.141 0.432
49 283 10 0.042 0.01
50 98 12 0.202 0.101
50 131 70 0.069 0.182
50 148 26 0.263 0.789
50 171 100 0.229 0.086
51 90 76 0.253 0.29
51 223 53 0.204 0.096
51 266 63 0.12 0.24
51 291 68 0.379 0.363
51 298 47 0.041 0.052
52 69 10 0.219 0.003
52 85 33 0.192 0.267
52 279 23 0.315 0.113
53 64 78 0.342 0.105
53 126 48 0.051 0.179
53 132 18 0.127 0.031
53 207 26 0.093 0.25
54 84 14 0.226 0.091
54 101 36 0.122 0.026
54 120 75 0.061 0.116
54 179 48 0.045 0.129
54 297 69 0.386 0.228
55 73 14 0.033 0.361
55 125 11 0.083 0.187
55 143 79 0.055 0.249
55 189 48 0.234 0.157
55 230 96 0.07 0.034
55 233 96 0.06 0.349
55 261 14 0.06 0.007
55 278 26 0.017 0.235
55 289 74 0.013 0.027
56 118 40 0.157 0.058
56 146 91 0.28 0.02
56 172 4 0.008 0.09
56 184 3 0.239 0.207
56 195 93 0.175 0.159
57 78 19 0.281 0.285
57 162 80 0.347 0.006
57 249 24 0.028 0.047
57 292 91 0.101 0.287
58 67 89 0.076 0.074
58 69 5 0.128 0.143
58 126 92 0.033 0.051
58 147 41 0.221 0.027
58 198 97 0.03 0.029
58 208 99 0.054 0.032
58 270 78 0.053 0.156
59 72 20 0.135 0.165
59 86 73 0.044 0.176
59 93 59 0.146 0.11
59 167 11 0.198 0.02
59 188 8 0.056 0.121
59 189 62 0.122 0.18
59 254 30 0.052 0.12
59 261 74 0.074 0.048
59 292 21 0.04 0.297
60 61 70 0.008 0.041
60 76 16 0.132 0.172
60 136 32 0.216 0.044
60 137 40 0.113 0.269
60 168 30 0.361 0.12
60 223 75 0.012 0.005
60 259 2 0.019 0.145
60 293 42 0.07 0.18
61 62 5 0.117 0.204
61 70 99 0.11 0.113
61 79 82 0.054 0.186
61 126 65 0.136 0.108
61 127 3 0.193 0.25
61 206 56 0.032 0.15
61 272 35 0.237 0.2
62 69 24 0.104 0.08
62 103 69 0.156 0.07
62 116 27 0.124 0.035
62 145 83 0.019 0.054
62 182 19 0.13 0.293
62 211 91 0.081 0.201
62 283 82 0.085 0.297
62 298 75 0.097 0.097
63 90 18 0.116 0.078
63 168 70 0.122 0.091
63 187 37 0.06 0.207
63 284 61 0.266 0.104
64 146 13 0.01 0.19
64 175 2 0.007 0.307
64 180 75 0.198 0.274
64 188 38 0.194 0.07
64 237 52 0.071 0.116
64 255 4 0.015 0.364
64 268 69 0.021 0.176
64 273 2 0.119 0.476
65 150 34 0.422 0.436
65 155 93 0.049 0.061
65 204 89 0.181 0.279
65 230 23 0.22 0.342
66 70 72 0.1 0.198
66 79 90 0.067 0.002
66 111 31 0.346 0.361
66 121 8 0.081 0.017
66 218 1 0.175 0.306
67 155 20 0.516 0.08
67 191 96 0.188 0.245
68 80 15 0.229 0.168
68 96 85 0.012 0.328
68 106 81 0.103 0.127
68 151 74 0.354 0.206
69 78 40 0.071 0.067
69 120 31 0.175 0.09
69 188 64 0.026 0.033
69 218 8 0.252 0.16
69 253 62 0.193 0.215
69 273 25 0.057 0.005
70 122 47 0.064 0.172
70 164 95 0.164 0.118
70 237 27 0.078 0.089
70 261 81 0.006 0.259
71 100 16 0.532 0.334
71 155 80 0.018 0.178
71 158 15 0.062 0.122
72 77 66 0.34 0.042
72 125 71 0.062 0.019
72 166 21 0.153 0.387
72 171 78 0.034 0.085
72 180 49 0.183 0.195
73 83 88 0.049 0.283
73 171 10 0.028 0.162
73 189 38 0.066 0.206
73 237 71 0.156 0.111
73 238 89 0.072 0.546
73 253 95 0.123 0.255
74 89 61 0.038 0.167
74 91 11 0.039 0.318
74 137 38 0.263 0.274
74 152 52 0.081 0.102
74 231 70 0.03 0.13
74 276 5 0.097 0.018
75 119 68 0.085 0.491
75 155 9 0.243 0.177
75 172 44 0.13 0.42
75 225 78 0.161 0.373
75 267 100 0.096 0.194
76 84 33 0.061 0.12
76 106 89 0.108 0.248
76 129 39 0.095 0.171
76 154 76 0.055 0.142
76 161 8 0.086 0.007
76 243 66 0.081 0.122
76 267 58 0.098 0.16
76 281 17 0.047 0.508
77 94 47 0.045 0.013
77 212 69 0.103 0.015
77 231 68 0.127 0.01
77 256 27 0.134 0.111
77 265 21 0.136 0.08
78 82 87 0.07 0.046
78 112 29 0.332 0.209
79 120 14 0.069 0.213
79 177 50 0.033 0.189
79 190 86 0.12 0.032
79 203 92 0.215 0.696
79 249 92 0.101 0.222
79 278 33 0.148 0.111
80 114 65 0.187 0.219
80 228 4 0.172 0.017
81 109 59 0.129 0.095
81 140 49 0.098 0.346
81 156 40 0.024 0.221
81 184 81 0.187 0.014
81 262 93 0.235 0.185
81 276 80 0.012 0.421
82 105 76 0.061 0.199
82 116 9 0.054 0.019
82 146 45 0.068 0.254
82 154 4 0.192 0.115
82 162 73 0.128 0.33
82 214 54 0.066 0.169
83 158 31 0.225 0.154
83 165 36 0.03 0.256
83 223 83 0.241 0.22
83 239 36 0.05 0.796
83 298 10 0.125 0.033
84 122 15 0.019 0.114
84 130 13 0.037 0.061
84 181 6 0.08 0.288
84 188 52 0.165 0.105
84 214 22 0.052 0.066
84 287 46 0.01 0.105
84 293 77 0.121 0.099
85 233 34 0.075 0.144
85 235 26 0.105 0.094
85 249 82 0.101 0.625
85 289 50 0.109 0.227
86 99 70 0.08 0.211
86 134 97 0.102 0.071
86 142 79 0.307 0.319
86 173 73 0.091 0.138
86 251 9 0.081 0.133
86 274 44 0.028 0.116
87 180 36 0.446 0.089
88 119 14 0.286 0.087
88 134 43 0.094 0.257
88 139 65 0.114 0.279
88 158 40 0.078 0.037
88 167 14 0.176 0.053
88 260 49 0.144 0.394
88 277 59 0.082 0.058
89 96 100 0.175 0.044
89 144 100 0.098 0.091
89 155 17 0.22 0.309
89 179 15 0.281 0.06
90 265 66 0.041 0.049
90 272 51 0.202 0.027
90 274 42 0.389 0.055
91 168 98 0.081 0.006
91 206 92 0.402 0.111
91 238 20 0.013 0.041
91 294 43 0.028 0.255
91 298 85 0.158 0.105
92 95 72 0.435 0.049
92 101 84 0.389 0.303
92 108 68 0.012 0.243
92 156 82 0.031 0.252
92 178 36 0.064 0.029
93 108 74 0.165 0.034
93 131 76 0.093 0.141
93 160 26 0.138 0.296
93 183 90 0.11 0.369
93 280 96 0.074 0.203
93 289 61 0.284 0.187
93 290 87 0.026 0.359
94 99 7 0.04 0.261
94 123 74 0.259 0.313
94 125 89 0.29 0.049
94 167 61 0.363 0.086
94 250 87 0.035 0.267
95 104 80 0.144 0.127
95 119 44 0.175 0.259
95 145 2 0.198 0.369
95 153 18 0.105 0.162
95 185 22 0.112 0.139
96 144 61 0.387 0.209
96 213 77 0.241 0.132
97 101 43 0.24 0.175
97 110 16 0.197 0.127
97 161 21 0.019 0.135
97 181 9 0.324 0.159
97 277 86 0.066 0.003
98 164 31 0.288 0.076
98 211 39 0.147 0.176
98 226 19 0.129 0.218
98 245 22 0.335 0.19
99 139 25 0.243 0.268
99 143 63 0.248 0.14
99 205 59 0.013 0.017
99 261 39 0.005 0.152
99 284 56 0.019 0.003
100 164 41 0.014 0.029
100 194 34 0.059 0.154
100 230 44 0.116 0.023
100 240 68 0.222 0.192
101 200 24 0.283 0.591
102 209 38 0.565 0.047
102 228 38 0.245 0.149
102 245 9 0.077 0.014
102 263 79 0.019 0.221
103 113 86 0.262 0.19
103 117 71 0.114 0.211
103 170 6 0.156 1.0
103 220 95 0.188 0.162
103 277 66 0.21 0.331
104 145 90 0.315 0.001
104 167 13 0.143 0.02
104 241 65 0.097 0.025
104 248 73 0.037 0.117
104 250 20 0.182 0.177
104 255 85 0.099 0.082
105 207 19 0.199 0.383
105 210 41 0.34 0.131
105 261 79 0.155 0.235
106 133 75 0.229 0.336
106 195 61 0.133 0.372
106 216 57 0.212 0.166
107 154 27 0.126 0.033
107 163 21 0.092 0.049
107 269 70 0.191 0.735
107 291 81 0.157 0.065
108 164 56 0.064 0.154
108 224 83 0.03 0.375
108 235 53 0.407 0.135
108 259 39 0.222 0.136
109 125 29 0.03 0.106
109 216 99 0.429 0.02
109 217 64 0.226 0.166
109 267 25 0.08 0.128
110 121 71 0.094 0.007
110 221 60 0.247 0.346
110 224 80 0.041 0.512
110 257 84 0.479 0.243
111 209 32 0.571 0.213
111 275 29 0.068 0.338
112 121 84 0.3 0.149
112 134 13 0.13 0.061
112 288 10 0.078 0.231
113 154 81 0.096 0.046
113 225 64 0.02 0.567
113 227 53 0.295 0.181
113 237 77 0.119 0.083
113 287 36 0.129 0.308
113 292 88 0.024 0.163
114 191 42 0.198 0.389
114 211 92 0.206 0.352
114 214 75 0.238 0.061
114 221 68 0.096 0.243
114 280 96 0.043 0.581
115 240 24 0.116 0.07
116 260 80 0.428 0.072
117 126 10 0.268 0.179
117 168 98 0.275 0.051
117 204 60 0.246 0.219
118 139 83 0.199 0.117
118 177 87 0.151 0.275
118 237 12 0.081 0.078
118 270 61 0.126 0.154
118 272 45 0.179 0.026
118 283 93 0.012 0.015
119 151 74 0.017 0.073
119 218 65 0.146 0.233
120 164 72 0.022 0.1
120 167 93 0.067 0.076
120 215 88 0.121 0.367
120 218 86 0.187 0.055
120 223 66 0.061 0.008
120 270 50 0.008 0.242
120 298 80 0.115 0.093
121 178 43 0.41 0.177
121 218 27 0.04 0.143
121 246 79 0.098 0.327
121 287 54 0.144 0.328
121 293 20 0.135 0.024
122 129 34 0.086 0.081
122 131 44 0.06 0.027
122 135 10 0.194 0.249
122 209 44 0.158 0.149
122 263 41 0.153 0.058
123 153 74 0.028 0.065
123 216 37 0.22 0.079
125 167 91 0.055 0.098
125 245 71 0.171 0.137
125 289 88 0.192 0.223
126 132 87 0.14 0.287
126 152 3 0.136 0.058
126 155 92 0.021 0.024
126 164 76 0.059 0.062
126 236 95 0.127 0.18
127 192 6 0.325 0.164
128 246 55 0.021 0.246
129 151 67 0.021 0.035
129 163 75 0.043 0.311
129 178 26 0.107 0.218
129 190 44 0.093 0.259
129 220 97 0.08 0.135
129 231 100 0.192 0.134
129 245 27 0.11 0.21
129 282 57 0.034 0.075
130 185 56 0.237 0.331
130 211 38 0.049 0.006
130 221 16 0.072 0.097
130 244 36 0.074 0.139
131 143 82 0.037 0.094
131 147 78 0.092 0.193
131 164 85 0.055 0.074
131 166 86 0.004 0.327
131 214 79 0.011 0.153
131 216 78 0.119 0.138
131 229 39 0.136 0.207
132 234 37 0.135 0.422
132 258 73 0.383 0.019
133 253 30 0.284 0.286
133 263 84 0.161 0.042
134 158 99 0.132 0.012
134 190 2 0.102 0.009
134 219 93 0.076 0.331
134 232 54 0.047 0.027
134 235 96 0.053 0.232
134 284 60 0.201 0.567
135 143 41 0.277 0.018
135 230 20 0.037 0.112
135 289 91 0.003 0.031
136 148 86 0.156 0.211
136 196 73 0.174 0.091
136 237 48 0.249 0.016
136 274 91 0.055 0.059
136 298 83 0.136 0.242
137 142 49 0.229 0.009
137 209 58 0.102 0.069
137 283 64 0.032 0.124
138 166 10 0.43 0.07
138 181 17 0.232 0.099
138 267 29 0.054 0.06
138 273 33 0.064 0.099
138 291 27 0.091 0.189
139 213 4 0.262 0.354
140 149 30 0.042 0.333
140 171 36 0.209 0.025
140 181 98 0.287 0.13
140 237 14 0.116 0.144
141 157 21 0.253 0.258
141 297 65 0.113 0.087
142 173 85 0.078 0.257
142 188 41 0.039 0.129
142 246 53 0.308 0.128
142 265 72 0.055 0.217
143 157 59 0.179 0.093
143 168 71 0.175 0.097
143 232 28 0.114 0.011
143 253 73 0.031 0.083
144 149 55 0.027 0.093
144 244 10 0.079 0.745
144 248 99 0.206 0.115
144 256 44 0.028 0.246
144 271 78 0.109 0.159
144 274 21 0.139 0.134
145 199 25 0.197 0.131
146 246 9 0.056 0.082
146 265 87 0.183 0.245
146 297 97 0.229 0.133
147 187 62 0.34 0.046
147 290 65 0.306 0.214
149 158 90 0.025 0.096
149 220 75 0.001 0.181
149 299 77 0.154 0.887
150 169 28 0.195 0.389
150 174 85 0.036 0.024
150 186 22 0.215 0.095
150 214 24 0.075 0.062
151 171 11 0.109 0.248
151 174 92 0.274 0.014
151 190 53 0.127 0.035
151 246 62 0.08 0.197
152 163 76 0.325 0.081
152 191 91 0.098 0.218
152 255 81 0.32 0.154
152 263 53 0.097 0.213
153 177 44 0.291 0.084
153 186 43 0.069 0.131
153 229 30 0.017 0.02
154 231 95 0.194 0.096
154 253 39 0.234 0.017
155 198 97 0.085 0.971
156 192 5 0.08 0.066
156 257 98 0.034 0.435
157 185 59 0.212 0.232
157 189 51 0.024 0.042
157 276 80 0.234 0.234
158 161 49 0.165 0.14
158 178 92 0.011 0.108
158 196 9 0.092 0.023
159 245 59 0.2 0.153
159 263 36 0.351 0.03
160 172 11 0.137 0.035
160 256 35 0.567 0.643
161 163 87 0.326 0.131
161 169 72 0.11 0.424
162 243 81 0.014 0.094
162 255 93 0.098 0.343
162 266 43 0.552 0.164
163 184 66 0.012 0.146
163 248 5 0.163 0.133
163 277 91 0.076 0.375
164 234 8 0.082 0.456
164 235 95 0.111 0.149
165 176 70 0.652 0.083
165 202 23 0.039 0.018
165 228 92 0.053 0.054
166 206 83 0.006 0.186
166 219 4 0.141 0.5
167 188 74 0.109 0.137
167 204 63 0.162 0.166
167 215 32 0.303 0.61
168 195 35 0.155 0.04
168 206 52 0.061 0.206
168 233 21 0.148 0.126
168 239 1 0.111 0.204
168 285 69 0.072 0.196
169 179 65 0.187 0.164
171 220 63 0.163 0.109
171 258 76 0.025 0.557
171 272 89 0.133 0.353
172 228 86 0.455 0.077
173 202 45 0.256 0.266
173 245 98 0.235 0.069
173 297 91 0.114 0.099
174 179 38 0.191 0.131
174 193 73 0.376 1.0
174 231 26 0.395 0.153
175 189 36 0.236 0.03
176 203 41 0.423 0.304
176 216 92 0.305 0.016
176 267 11 0.189 0.213
177 217 4 0.001 0.195
177 242 5 0.198 0.639
177 278 20 0.223 0.135
178 233 39 0.107 0.381
178 280 29 0.183 0.037
178 284 53 0.04 0.099
179 223 65 0.1 0.34
179 253 97 0.163 0.144
179 268 11 0.121 0.34
179 286 15 0.104 0.037
179 291 55 0.018 0.074
180 221 63 0.214 0.077
180 229 55 0.083 0.181
181 186 82 0.113 0.349
181 202 4 0.01 0.371
181 277 59 0.201 0.132
182 259 51 0.422 0.5
183 202 66 0.161 0.002
184 245 51 0.273 0.081
184 250 85 0.056 0.002
185 204 60 0.204 0.336
186 215 95 0.199 0.023
186 217 59 0.123 0.069
186 282 12 0.103 0.247
187 225 31 0.037 0.06
187 278 25 0.025 0.051
188 217 47 0.206 0.054
188 226 64 0.049 0.161
189 269 32 0.028 0.123
190 194 70 0.159 0.272
190 254 93 0.11 0.136
190 279 47 0.139 0.28
190 289 63 0.102 0.139
190 298 27 0.155 0.015
191 226 73 0.148 0.067
192 201 72 0.003 0.263
192 212 11 0.172 0.367
192 242 85 0.13 0.031
192 284 67 0.303 0.16
192 285 27 0.153 0.175
192 298 55 0.009 0.156
194 195 90 0.131 0.022
194 275 73 0.35 0.074
194 296 44 0.093 0.636
195 206 20 0.138 0.098
195 231 36 0.176 0.09
195 265 86 0.093 0.409
196 213 35 0.046 0.138
196 244 67 0.107 0.116
196 248 87 0.202 0.237
196 264 9 0.257 0.241
196 296 74 0.274 0.364
197 209 94 0.259 0.233
197 257 88 0.38 0.149
199 237 29 0.869 0.017
200 206 40 0.342 0.069
201 247 99 0.025 1.0
201 294 93 0.495 0.541
202 243 95 0.239 0.062
202 252 84 0.066 0.56
202 273 31 0.038 0.155
205 216 12 0.111 0.211
206 271 8 0.09 0.391
207 240 87 0.051 0.119
207 248 44 0.04 0.398
209 251 35 0.22 0.097
211 237 38 0.094 0.216
211 245 40 0.081 0.031
212 288 66 0.323 0.117
213 272 34 0.179 0.086
214 222 94 0.294 1.0
214 286 56 0.027 0.222
217 226 11 0.303 0.123
217 298 63 0.213 0.082
220 231 15 0.163 0.158
220 281 9 0.035 0.265
221 297 18 0.03 0.185
223 285 99 0.26 0.216
224 257 14 0.113 0.173
226 275 63 0.161 0.078
227 229 65 0.053 0.071
228 254 80 0.227 0.487
228 292 74 0.261 0.07
228 299 61 0.167 0.113
230 272 93 0.204 0.214
230 283 63 0.255 0.3
232 245 40 0.281 0.115
232 269 59 0.465 0.099
232 293 38 0.216 0.074
235 263 47 0.218 0.096
235 269 39 0.171 0.043
235 278 46 0.001 0.212
236 280 50 0.503 0.015
237 250 6 0.13 0.035
238 274 48 0.413 0.273
240 289 46 0.035 0.166
241 293 47 0.114 0.139
241 298 80 0.276 0.006
243 293 38 0.323 0.038
246 262 9 0.02 0.282
250 264 71 0.073 0.439
250 293 38 0.093 0.446
251 297 60 0.77 0.12
252 270 52 0.44 0.031
254 261 24 0.226 0.07
255 276 44 0.057 0.002
259 290 76 0.219 0.427
260 291 5 0.284 0.309
261 277 89 0.229 0.101
263 287 2 0.053 0.247
263 294 33 0.195 0.204
263 297 71 0.092 0.148
267 288 60 0.245 0.044
273 282 68 0.169 0.345
274 278 71 0.127 0.053
275 278 58 0.386 0.203
279 281 60 0.607 0.227
282 288 18 0.195 0.004
283 288 55 0.059 0.243
